4.617574479198083282e-02 1.264994405210018158e-02
9.460200942703523089e-03 9.506553411483764648e-03
8.141666807932778499e-03 7.397399749606847763e-03
5.057178775314241474e-03 3.419335233047604561e-03
3.510040117544121867e-03 3.336381167173385620e-03
2.829221601132303476e-03 6.875391118228435516e-03
2.688174032664392230e-03 2.760115545243024826e-03
2.020115002233069477e-03 2.316634636372327805e-03
2.909011609153821978e-03 2.014389960095286369e-03
1.803724766068626108e-03 1.136282109655439854e-03
1.355165850691264582e-03 1.500816899351775646e-03
1.286532998346956490e-03 9.782338747754693031e-04
1.251765344932209700e-03 2.719520824030041695e-03
1.470851519843563394e-03 1.474946853704750538e-03
1.093438062525819987e-03 7.622194243595004082e-04
8.878368116711499169e-04 7.723413291387259960e-04
1.025685128843178886e-03 6.364516448229551315e-04
1.186853344552218871e-03 8.302341448143124580e-04
9.293138744396855621e-04 5.838194047100841999e-04
9.153978462563827634e-04 1.908434205688536167e-03
1.227752476916066458e-03 8.502984419465065002e-04
8.507652077241800509e-04 8.312063291668891907e-04
7.645685313036665104e-04 5.256793810985982418e-04
8.169299348082858852e-04 4.857408930547535419e-04
1.097641420346917541e-03 9.041323210112750530e-04
8.638269329821924181e-04 5.729089025408029556e-04
7.774746667564613528e-04 7.135695777833461761e-04
7.973112085892352773e-04 6.099249003455042839e-04
7.368030255747726187e-04 5.178776336833834648e-04
7.690278689551632851e-04 6.572462734766304493e-04
8.246429315477143973e-04 5.428005242720246315e-04
8.078429123997921341e-04 1.251854235306382179e-03
8.190565757104195221e-04 4.437575698830187321e-04
8.114352243865141428e-04 5.754994344897568226e-04
5.902413686271756887e-04 4.550317244138568640e-04
7.332348708587232760e-04 7.669109618291258812e-04
6.193519631779054613e-04 4.274747334420681000e-04
6.406828131730434982e-04 5.012162146158516407e-04
6.464044730819295875e-04 3.950996324419975281e-04
5.613759847619803189e-04 4.588159208651632071e-04
5.438936772407032333e-04 3.916425630450248718e-04
5.534827385417883782e-04 1.335226697847247124e-03
6.417615782993380197e-04 5.601008306257426739e-04
5.818340836412971622e-04 3.763930290006101131e-04
8.646145943203009665e-04 4.482631629798561335e-04
7.677563728066161709e-04 7.030098931863903999e-04
6.111342765507288711e-04 7.217671372927725315e-04
7.050178748613689528e-04 3.951030666939914227e-04
6.672466457530390688e-04 6.388437468558549881e-04
5.005505707231349809e-04 4.670696798712015152e-04
7.366011799604166082e-04 4.438139148987829685e-04
5.760259362432406782e-04 3.580786578822880983e-04
5.331270687747747140e-04 4.195717046968638897e-04
5.373905230953823341e-04 3.968070668634027243e-04
5.275038714898982800e-04 3.652349812909960747e-03
7.868245997087796933e-04 4.045586101710796356e-04
6.197456426889402575e-04 4.416362789925187826e-04
5.419703287770971439e-04 4.010421689599752426e-04
6.023792509949998496e-04 5.063745775260031223e-04
6.792949447117279998e-04 9.046554332599043846e-04
7.349013427301543050e-04 3.711635363288223743e-04
5.472565000673057945e-04 5.803994718007743359e-04
5.034407044149702198e-04 5.109625635668635368e-04
5.950299939286197038e-04 4.208200261928141117e-04
5.530426657060161450e-04 3.857302071992307901e-04
5.434876758954488175e-04 3.302934928797185421e-04
5.383193045418010591e-04 4.451340646483004093e-04
8.832869447360280684e-04 8.764076046645641327e-04
6.990704718191409267e-04 5.159789579920470715e-04
5.059362945758038698e-04 5.847804131917655468e-04
5.020650514779845253e-04 6.505126366391777992e-04
5.490508967341157110e-04 4.249915364198386669e-04
6.056490154151105820e-04 5.171966040506958961e-04
7.786459354974795133e-04 4.883621004410088062e-04
4.997783729777438349e-04 7.597669027745723724e-04
8.516193291143280952e-04 4.034349694848060608e-04
4.552390644676052142e-04 3.040456795133650303e-04
4.582554101943969727e-04 3.729611926246434450e-04
4.592968140059383803e-04 4.955686745233833790e-04
4.698502714745700468e-04 3.812028153333812952e-04
4.400142133818008006e-04 3.099291352555155754e-04
6.069026028853840692e-04 4.321562009863555431e-04
4.780767812917474657e-04 5.998561973683536053e-04
6.108461679104948200e-04 3.120620385743677616e-04
4.389816240291111171e-04 3.135974111501127481e-04
5.492438693181611164e-04 7.363425684161484241e-04
5.041031057771760754e-04 3.122755733784288168e-04
4.482055050175403959e-04 3.657049965113401413e-04
4.552156187855871394e-04 4.407436063047498465e-04
4.822383041755529229e-04 3.376193344593048096e-04
4.668198092986130870e-04 4.349476657807826996e-04
5.176480783120496632e-04 4.129983135499060154e-04
5.447504194307839281e-04 2.959810954052954912e-04
4.432408670254517238e-04 3.208505804650485516e-04
4.327225742599694058e-04 3.765856090467423201e-04
5.435791383206379102e-04 3.477768623270094395e-04
4.613221419276669513e-04 5.077568930573761463e-04
4.537787346635013710e-04 3.069397935178130865e-04
7.282585167558864193e-04 3.991313860751688480e-04
4.568045900668948672e-04 2.907432499341666698e-04
4.532864015345694389e-04 5.955711239948868752e-04
4.839301640458870462e-04 5.412792088463902473e-04
5.979809102427680045e-04 4.116801428608596325e-04
4.609353713021846271e-04 3.188929113093763590e-04
3.927158042642986293e-04 4.191323532722890377e-04
4.236859749653376639e-04 4.299838910810649395e-04
4.094598463780130151e-04 5.037161754444241524e-04
4.327546103013446555e-04 3.503707412164658308e-04
3.918823884305311475e-04 3.168049734085798264e-04
5.403552127972943925e-04 3.300671814940869808e-04
4.461645083210896809e-04 4.950609290972352028e-04
5.029494337577489422e-04 8.030612953007221222e-04
4.329393839725526158e-04 2.957740798592567444e-04
4.219854139591916247e-04 4.867527750320732594e-04
4.425501563673606251e-04 6.102450424805283546e-04
3.942076382372761145e-04 2.594232500996440649e-04
3.623114494985202544e-04 3.210653667338192463e-04
4.248675486451247707e-04 2.764573728200048208e-04
3.979721439463901442e-04 8.789334679022431374e-04
5.574237286054995345e-04 6.709498120471835136e-04
4.673161532991798378e-04 2.648069639690220356e-04
3.642906771347042888e-04 5.860884557478129864e-04
4.831220900086919063e-04 2.885845606215298176e-04
3.673642098874551959e-04 2.468005404807627201e-04
4.451951441296842166e-04 3.124187351204454899e-04
3.885966840243782134e-04 3.205526736564934254e-04
3.851513545669149716e-04 2.682551858015358448e-04
3.838088112388504777e-04 4.928312264382839203e-04
3.839198139758082324e-04 3.809861955232918262e-04
4.041224277898436195e-04 2.391562302364036441e-04
3.947795206840964749e-04 5.575327086262404919e-04
4.098966383025981486e-04 2.276031300425529480e-04
3.468606650130823038e-04 2.343402447877451777e-04
3.543128948876983595e-04 2.657004224602133036e-04
3.641365219664294273e-04 2.527592296246439219e-04
3.623036413046065501e-04 3.020374570041894913e-04
3.936141589292674542e-04 2.673421404324471951e-04
3.679380657558795282e-04 3.744291025213897228e-04
3.574673713956144422e-04 2.570619690231978893e-04
4.000358090706868314e-04 2.410553424851968884e-04
7.573248522021458484e-04 6.358388927765190601e-04
4.547248980088625212e-04 4.366933426354080439e-04
4.137834186622057933e-04 2.573346137069165707e-04
3.389824043551925461e-04 2.831914462149143219e-04
3.594134146624128551e-04 2.801042573992162943e-04
3.754212342755635983e-04 2.502650604583323002e-04
3.835360914308694083e-04 2.731402055360376835e-04
3.761012814720743227e-04 3.499523736536502838e-04
3.773706383071839918e-04 3.174573066644370556e-04
3.579274158255430155e-04 2.615053672343492508e-04
4.451766351849073653e-04 2.949295740108937025e-04
3.473863218459882665e-04 3.173279401380568743e-04
3.571593280867091272e-04 2.445845748297870159e-04
3.381253764018765651e-04 2.585292095318436623e-04
3.494011243674322031e-04 3.788719186559319496e-04
3.737164457561448433e-04 3.311978653073310852e-04
3.569698701539891772e-04 2.503154682926833630e-04
3.507042492856271565e-04 3.187798429280519485e-04
3.502768624457530569e-04 2.861311077140271664e-04
4.416591811605030562e-04 3.392021462786942720e-04
3.713733021868392825e-04 3.293679037597030401e-04
3.768788361412589655e-04 2.379007637500762939e-04
4.529104611719958267e-04 2.967720793094485998e-04
4.331701980845537253e-04 4.314779653213918209e-04
3.351134942931821787e-04 2.167735656257718801e-04
3.230809263186529170e-04 2.341416839044541121e-04
3.750452602616860748e-04 3.600625204853713512e-04
3.740918546100147069e-04 2.372799935983493924e-04
3.611432148318272084e-04 2.383202372584491968e-04
3.384580739293596816e-04 2.983938320539891720e-04
3.760098290513269495e-04 5.807394627481698990e-04
3.568735155567992479e-04 3.601773059926927090e-04
3.554176188117708296e-04 3.291984030511230230e-04
3.470870036835549182e-04 2.546907053329050541e-04
3.604227600590093278e-04 3.213044255971908569e-04
3.319696526887128021e-04 3.111620608251541853e-04
3.150543219817336432e-04 2.332685107830911875e-04
3.998291464085923725e-04 2.704117796383798122e-04
3.491367195238126550e-04 2.580163127277046442e-04
3.209584132491727143e-04 2.350374561501666903e-04
3.350540562678361420e-04 2.177861460950225592e-04
3.352726645971415456e-04 2.107099426211789250e-04
3.359883237862959613e-04 2.054007782135158777e-04
3.235415622839355018e-04 2.372393792029470205e-04
3.526116117427591126e-04 6.954905693419277668e-04
4.669603913498576730e-04 5.018872325308620930e-04
4.290796119676088200e-04 2.270387922180816531e-04
3.201356581485015557e-04 2.463063574396073818e-04
3.234694037018926100e-04 2.016675862250849605e-04
3.147933475702302530e-04 2.237273874925449491e-04
3.046376821657759246e-04 2.309151750523597002e-04
3.099622614172403917e-04 2.362260420341044664e-04
3.254923463828163438e-04 2.645814092829823494e-04
3.263763734139502265e-04 2.127162151737138629e-04
3.125398126940126422e-04 2.208476944360882044e-04
3.220549970137653872e-04 2.960117126349359751e-04
3.363952124345815026e-04 2.472677442710846663e-04
3.442173096118494651e-04 2.335044264327734709e-04
3.376600216142833233e-04 1.941731898114085197e-04
2.988837049997528084e-04 2.378188510192558169e-04
3.165253621773444939e-04 1.973386824829503894e-04
3.406160691156401516e-04 3.912087995558977127e-04
3.299641191915725466e-04 2.163079043384641409e-04
2.962065902465837899e-04 2.610606024973094463e-04
3.377472585270879790e-04 2.549518831074237823e-04
3.342593152410700094e-04 2.191097009927034378e-04
3.708659882249776057e-04 2.546380856074392796e-04
3.080375068748253614e-04 2.655468415468931198e-04
2.990461975059588223e-04 2.139208809239789844e-04
2.856304647139040645e-04 2.017680963035672903e-04
3.159244719427078745e-04 3.053287218790501356e-04
3.197597681719344001e-04 1.964444236364215612e-04
3.674190609672223326e-04 2.042792912106961012e-04
2.862266621377784650e-04 2.563578891567885876e-04
3.044162293008412343e-04 2.509549667593091726e-04
2.933373756604851007e-04 1.955241168616339564e-04
3.179762765284976705e-04 1.992549950955435634e-04
2.758784721663687378e-04 2.727760584093630314e-04
3.520739697705721699e-04 2.486824814695864916e-04
3.242869008317938897e-04 2.247822994831949472e-04
2.946419157524360127e-04 2.618069702293723822e-04
3.466773801847011999e-04 2.240009343950077891e-04
3.089599817030830092e-04 2.184504701290279627e-04
2.723241364947171167e-04 2.337852929485961795e-04
2.867378247174201316e-04 1.982088724616914988e-04
2.555112581831053614e-04 1.586084254086017609e-04
2.563791758802835830e-04 1.754283730406314135e-04
2.544854141888208687e-04 1.668082259129732847e-04
2.499814479961060096e-04 1.726851041894406080e-04
2.830862329574301947e-04 2.579217834863811731e-04
2.622082349262200188e-04 2.173746179323643446e-04
2.520094873034395494e-04 1.726457121549174190e-04
2.321532734640641084e-04 1.747390779200941324e-04
2.374512263486394713e-04 2.173916873289272189e-04
2.521866901588509682e-04 2.451441832818090916e-04
2.641157681864569787e-04 2.427407307550311089e-04
2.480898383510066196e-04 1.482484804000705481e-04
2.237109067209530513e-04 1.605169672984629869e-04
2.264287379148299697e-04 1.557991636218503118e-04
2.411550565739162375e-04 1.388829259667545557e-04
2.269379750941880102e-04 1.405915099894627929e-04
2.581648172053973905e-04 1.659046683926135302e-04
2.868915196813759502e-04 1.815219584386795759e-04
2.322045365872327238e-04 2.055637596640735865e-04
2.247334887215401977e-04 1.472222502343356609e-04
2.166846712498227080e-04 1.615236687939614058e-04
2.188003372793900780e-04 1.339559967163950205e-04
2.108515309373615310e-04 1.325131452176719904e-04
2.290928616275777932e-04 1.291778753511607647e-04
2.136098783921624945e-04 1.739564904710277915e-04
2.139429167073103545e-04 1.373254053760319948e-04
2.405443874522461556e-04 1.618148817215114832e-04
2.108761974341177793e-04 1.293879322474822402e-04
2.568637095464509695e-04 1.363813789794221520e-04
2.016040072703617517e-04 1.355197309749200940e-04
2.018010129177127856e-04 1.392945705447345972e-04
2.179786330088972991e-04 1.953115133801475167e-04
2.120728553563822115e-04 1.422930217813700438e-04
2.276406290548038615e-04 1.237246033269912004e-04
2.206979186667013090e-04 1.708224881440401077e-04
2.098053515510400703e-04 1.351188111584633589e-04
1.976969280804041665e-04 1.369883248116821051e-04
2.156519096388365034e-04 1.907372497953474522e-04
2.172541884647216702e-04 1.699849672149866819e-04
2.289675765496213098e-04 1.553742476971819997e-04
2.415758508504950441e-04 2.144536410924047232e-04
2.267806254167226089e-04 1.587771403137594461e-04
2.019159555857186206e-04 1.398565364070236683e-04
1.935554550072993206e-04 1.332692627329379320e-04
2.070727775389968775e-04 1.548485888633877039e-04
2.130078062691609484e-04 1.185173314297571778e-04
2.082792307191994041e-04 1.881415664684027433e-04
2.073017276416067034e-04 1.343163894489407539e-04
2.233218913715973139e-04 1.474180025979876518e-04
2.302312981555587666e-04 1.366772485198453069e-04
1.947948289853229653e-04 1.915598695632070303e-04
2.054423626759671552e-04 1.694341772235929966e-04
1.983044999178673606e-04 1.473629090469330549e-04
1.871036103693768274e-04 1.336439745500683784e-04
1.887381289634504410e-04 1.452499709557741880e-04
1.992294721276266392e-04 1.256102405022829771e-04
1.997512352318153825e-04 1.487944537075236440e-04
1.924420842442487009e-04 1.365065982099622488e-04
2.025519105700368582e-04 1.353791012661531568e-04
1.838882970332633812e-04 1.525471016066148877e-04
2.096982964758353882e-04 1.461881620343774557e-04
1.914256469717656619e-04 1.501474180258810520e-04
2.007885363127570654e-04 1.378047454636543989e-04
1.815108283153677002e-04 1.478292106185108423e-04
2.015569283685181344e-04 1.194276264868676662e-04
1.897877007650095147e-04 1.257236581295728683e-04
1.938616060215281323e-04 1.910652208607643843e-04
2.042023877038445681e-04 1.319208386121317744e-04
2.284543721543741358e-04 1.607466983841732144e-04
1.867248731286963340e-04 1.521372178103774786e-04
2.032113598033902235e-04 1.599501993041485548e-04
1.922574003401677947e-04 1.494607276981696486e-04
1.931197632984549381e-04 1.154995989054441452e-04
1.898854007777117604e-04 1.756810670485720038e-04
2.002933114454208462e-04 1.274387614103034139e-04
1.890206827738438679e-04 1.345495402347296476e-04
1.822515599997132139e-04 1.148681840277276933e-04
1.934708732733270262e-04 1.438724430045112967e-04
1.991819460272381439e-04 1.391536497976630926e-04
1.868990409093384988e-04 1.219353071064688265e-04
1.783774820978578537e-04 1.081323716789484024e-04
1.786493392501142916e-04 1.174501740024425089e-04
1.783506726496852989e-04 1.134691992774605751e-04
1.802849308660370406e-04 1.172268530353903770e-04
1.809678618883481303e-04 1.311150263063609600e-04
1.873093542599235661e-04 1.484391686972230673e-04
1.856246009083406480e-04 1.157106962637044489e-04
1.726085760310525129e-04 1.792463299352675676e-04
1.791110292288067393e-04 1.682170841377228498e-04
2.095058071063249372e-04 1.224304287461563945e-04
1.907536868202441729e-04 1.132766847149468958e-04
1.714561856715590801e-04 1.090903533622622490e-04
1.772027224433259216e-04 1.192915951833128929e-04
1.870400540610717252e-04 1.567016297485679388e-04
2.102153157466091216e-04 1.568826555740088224e-04
1.716225657219183577e-04 1.181563129648566246e-04
1.788493009371450171e-04 1.092867823899723589e-04
1.842999503423925543e-04 1.869244006229564548e-04
1.785241625839262215e-04 1.382532354909926653e-04
1.748747800775163287e-04 1.383815688313916326e-04
1.722291410260368030e-04 1.124894697568379343e-04
1.746657510921068132e-04 1.220237900270149112e-04
1.905843421809550018e-04 1.106541385524906218e-04
1.824431108616409000e-04 1.236927055288106203e-04
1.769696958945132846e-04 1.198705140268430114e-04
1.776866962245549021e-04 1.159294988610781729e-04
1.742793130688369166e-04 1.202649000333622098e-04
1.670183063652075416e-04 1.336998830083757639e-04
1.743223946505168041e-04 1.057652407325804234e-04
1.811567432923766210e-04 1.212913557537831366e-04
1.767718964401865324e-04 1.319904258707538247e-04
1.650429675464693045e-04 1.217614990309812129e-04
1.720235917673562708e-04 1.038786504068411887e-04
1.741937422593764441e-04 1.105738774640485644e-04
1.805319569939456469e-04 1.251667126780375838e-04
1.704635560599854216e-04 1.209316396852955222e-04
1.624342183276894611e-04 1.694453239906579256e-04
1.972332183868275024e-04 1.199321704916656017e-04
1.629434032111021224e-04 1.056656037690117955e-04
1.793365682715375388e-04 1.700908906059339643e-04
1.694081343885045444e-04 1.217730314237996936e-04
1.698538222626666484e-04 1.211354610859416425e-04
1.784600186510942822e-04 1.044735545292496681e-04
1.829594198170525488e-04 1.249373308382928371e-04
1.803852856028242968e-04 1.083001043298281729e-04
1.628849148801236933e-04 1.332216488663107157e-04
1.758114380209008286e-04 1.093289683922193944e-04
1.718152470857603475e-04 1.103329923353157938e-04
1.602167491910222344e-04 1.089219222194515169e-04
1.626543774364108794e-04 1.033554581226781011e-04
1.628802270715823343e-04 1.422900968464091420e-04
1.935192709424882142e-04 1.187440720968879759e-04
1.715798295663262143e-04 1.452758297091349959e-04
1.610272679499757942e-04 1.033239532262086868e-04
1.719465843962098060e-04 1.058876077877357602e-04
1.663141251810884569e-04 1.240079291164875031e-04
1.664797044213628505e-04 1.146140057244338095e-04
1.629187370781437602e-04 1.207336317747831345e-04
1.813027894058905022e-04 1.156208236352540553e-04
1.619756922082160600e-04 1.089122160919941962e-04
1.580982456289348247e-04 1.221627171617001295e-04
1.671389017246838248e-04 1.380038884235545993e-04
1.589752949257672407e-04 1.055434840964153409e-04
1.609119031854788719e-04 1.359985035378485918e-04
1.656125667977903558e-04 1.002903809421695769e-04
1.596963953488739153e-04 1.106002018786966801e-04
1.629251494705386103e-04 1.229883637279272079e-04
1.592763820553955102e-04 1.176247169496491551e-04
1.714647932203661239e-04 1.248247281182557344e-04
1.598499483407067655e-04 1.029879349516704679e-04
1.631259030546061586e-04 1.014023291645571589e-04
1.618949348994647207e-04 1.010822816169820726e-04
1.682889465882908499e-04 1.146024878835305572e-04
1.740467975650972113e-04 1.081444934243336320e-04
1.651771562137582859e-04 1.239805860677734017e-04
1.670996621214726474e-04 1.062664523487910628e-04
1.589887875525164364e-04 1.147096190834417939e-04
1.560084441734943593e-04 1.007483369903638959e-04
1.587651924637611847e-04 9.887763008009642363e-05
1.589233415870694444e-04 1.013285946100950241e-04
1.619619302800856476e-04 9.994571882998570800e-05
1.600156589120160734e-04 1.026851969072595239e-04
1.572582303197123219e-04 1.022120268316939473e-04
1.689448860815900735e-04 1.161963809863664210e-04
1.593255864463571979e-04 1.073660459951497614e-04
1.593527882505441030e-04 1.207325112773105502e-04
1.589611179042549338e-04 1.188162350445054471e-04
1.518480049526260646e-04 1.304702891502529383e-04
1.590437986124015933e-04 1.067277626134455204e-04
1.579423112161748468e-04 1.050708087859675288e-04
1.550491042507928796e-04 1.020774361677467823e-04
1.530624050246842617e-04 9.652315202401950955e-05
1.555891735733894166e-04 9.948154911398887634e-05
1.532946557745162863e-04 1.089469733415171504e-04
1.591378746525151601e-04 1.033641165122389793e-04
1.564561749546555748e-04 9.682295785751193762e-05
1.581395113134931307e-04 1.016041496768593788e-04
1.506135121417173704e-04 1.147987422882579267e-04
1.575062171468743946e-04 1.099339788197539747e-04
1.477472699662030317e-04 9.588748071109876037e-05
1.519537464446329923e-04 1.000359334284439683e-04
1.569097514220629710e-04 1.349077792838215828e-04
1.619641566321661230e-04 1.245949679287150502e-04
1.534646806248929460e-04 1.064489697455428541e-04
1.593136806150141746e-04 1.032321742968633771e-04
1.533446268695115686e-04 1.242515281774103642e-04
1.510739138211647568e-04 9.599446639185771346e-05
1.556762053951388225e-04 1.133434707298874855e-04
1.551719868075451922e-04 1.000771735562011600e-04
1.681920442024420590e-04 1.034829547279514372e-04
1.565463309816550355e-04 1.071265287464484572e-04
1.500197191489860361e-04 1.370770041830837727e-04
1.516865609119122382e-04 1.068008714355528355e-04
1.585808984600589719e-04 9.794697689358144999e-05
1.507969757767568916e-04 9.927500650519505143e-05
1.475483134527166948e-04 1.054016902344301343e-04
1.567237673953059075e-04 9.344661521026864648e-05
1.516547290520975366e-04 1.212209608638659120e-04
1.586377448802522795e-04 9.888006752589717507e-05
1.506540693299029954e-04 9.308772860094904900e-05
1.508821965217066463e-04 1.379977475153282285e-04
1.518285122983797811e-04 9.686786506790667772e-05
1.523202838143333684e-04 9.587416570866480470e-05
1.474959301958733812e-04 1.107553689507767558e-04
1.492248177783039973e-04 1.008150284178555012e-04
1.574099829667829854e-04 1.006698585115373135e-04
1.580201173055684248e-04 1.020034978864714503e-04
1.556385984258667923e-04 1.074633109965361655e-04
1.567879906360758577e-04 9.841595601756125689e-05
1.515784113507834372e-04 1.025889505399391055e-04
1.506106813394581022e-04 9.266364941140636802e-05
1.477113812143215801e-04 1.036822650348767638e-04
1.506954793512704891e-04 9.467073687119409442e-05
1.517734743174514842e-04 1.071808510459959507e-04
1.474680686442297775e-04 9.545432840241119266e-05
1.440160822312464006e-04 9.429749479750171304e-05
1.617947762497351613e-04 9.576397860655561090e-05
1.497619257861515616e-04 1.065038959495723248e-04
1.502168630395317396e-04 9.655124449636787176e-05
1.470028728363104165e-04 9.867113840300589800e-05
1.498666115367086604e-04 1.234932133229449391e-04
1.514702904387377148e-04 1.115296472562476993e-04
1.501360130532702843e-04 1.026978352456353605e-04
1.560254971991526017e-04 1.138963416451588273e-04
1.481687222621985711e-04 9.672706073615700006e-05
1.491524420089263112e-04 8.914391946746036410e-05
1.498756271757884059e-04 1.056127948686480522e-04
1.493852224484726267e-04 1.000495831249281764e-04
1.474399532526149414e-04 9.434846288058906794e-05
1.452696636988548616e-04 9.438731649424880743e-05
1.465274375732406097e-04 9.777569357538595796e-05
1.397723863192368299e-04 8.990419883048161864e-05
1.413090714777354043e-04 9.554405551170930266e-05
1.459641669498523806e-04 9.755709470482543111e-05
1.463900056478451060e-04 9.191157732857391238e-05
1.489214842877117863e-04 9.780586697161197662e-05
1.601145223503408434e-04 1.123572801589034498e-04
1.441713584426906891e-04 9.671944280853495002e-05
1.464392913476331105e-04 1.003569195745512843e-04
1.455918270949041579e-04 9.145626972895115614e-05
1.406724374646728284e-04 9.458006388740614057e-05
1.487679166530142430e-04 1.001748823910020292e-04
1.426820968845277039e-04 9.861574653768911958e-05
1.421055161699769141e-04 1.031143328873440623e-04
1.412779294696519974e-04 9.479975415160879493e-05
1.464026293433562495e-04 1.117166102631017566e-04
1.505447233284940120e-04 9.362250420963391662e-05
1.475183078582631532e-04 8.920893014874309301e-05
1.413092239999969078e-04 8.804851677268743515e-05
1.385216963171842616e-04 9.612119902158156037e-05
1.425422471584170017e-04 9.390969353262335062e-05
1.406862232215644434e-04 9.345659054815769196e-05
1.406795106049685165e-04 9.536642755847424269e-05
1.441366815015499123e-04 9.394998778589069843e-05
1.420346159648033899e-04 1.014125446090474725e-04
1.482768851019500398e-04 9.570900147082284093e-05
1.481946553212765030e-04 1.150362440967001021e-04
1.420130523001717046e-04 9.160907939076423645e-05
1.461746449422207769e-04 9.197759936796501279e-05
1.400102496518229600e-04 9.807661263039335608e-05
1.416169788171828313e-04 9.237795165972784162e-05
1.420809307091985883e-04 1.082695525838062167e-04
1.444721257939818207e-04 9.536213474348187447e-05
1.476798212024732439e-04 1.018766779452562332e-04
1.434751782653620575e-04 9.176033927360549569e-05
1.397046612510166597e-04 9.927107021212577820e-05
1.424327064341923742e-04 9.054972906596958637e-05
1.373044641695742084e-04 1.002537101157940924e-04
1.395324695295130260e-04 9.600274643162265420e-05
1.476816375543421492e-04 1.078502536984160542e-04
1.468075486627640311e-04 9.884985774988308549e-05
1.381642006890615340e-04 9.617845353204756975e-05
1.386378034112567602e-04 8.804629032965749502e-05
1.424255307938437800e-04 1.008663311949931085e-04
1.404900310262746535e-04 9.161735943052917719e-05
1.371550780277175309e-04 9.175154991680756211e-05
1.373136532492935712e-04 9.078082803171128035e-05
1.511367461716872748e-04 1.063827221514657140e-04
1.402303310896968415e-04 8.935912046581506729e-05
1.398858833454141967e-04 8.767786493990570307e-05
1.384463641443289708e-04 9.087754733627662063e-05
1.376359854475595111e-04 9.528656664770096540e-05
1.393729292431089670e-04 1.149313902715221047e-04
1.406340392350102829e-04 9.445675095776095986e-05
1.361988433018268606e-04 9.319878154201433063e-05
1.406760751706315259e-04 1.011652420856989920e-04
1.438907196643413099e-04 8.701496699359267950e-05
1.402832911480800357e-04 8.914117643143981695e-05
1.384626062645111179e-04 8.958917896961793303e-05
1.376944119328982197e-04 1.211458002217113972e-04
1.408768634064472335e-04 8.525176963303238153e-05
1.399939507791714169e-04 9.006772597786039114e-05
1.351677241473225931e-04 8.828759018797427416e-05
1.373986342514399439e-04 8.815284672891721129e-05
1.406197439791867455e-04 9.117947047343477607e-05
1.351533850538544411e-04 8.420158701483160257e-05
1.398217002133605893e-04 9.148459503194317222e-05
1.417982046405086402e-04 8.893868653103709221e-05
1.366271118058648372e-04 9.611788846086710691e-05
1.345754400063015001e-04 1.065039177774451673e-04
1.423937100298644563e-04 8.442829857813194394e-05
1.373661480101873167e-04 9.189844422508031130e-05
1.354273301330977011e-04 8.571267244406044483e-05
1.366538581351051107e-04 8.384628745261579752e-05
1.363818507343239508e-04 8.411490853177383542e-05
1.384946956022758860e-04 8.640368469059467316e-05
1.398100583173800368e-04 9.794479410629719496e-05
1.366068600873404594e-04 9.986390068661421537e-05
1.358412106128525866e-04 9.172844875138252974e-05
1.359246100946620681e-04 9.399056580150499940e-05
1.350022525912208948e-04 8.788282138993963599e-05
1.403838398800871909e-04 8.303475624416023493e-05
1.364559849207580501e-04 9.583675273461267352e-05
1.366876809697714580e-04 1.006815582513809204e-04
1.380829974550579317e-04 8.176818664651364088e-05
1.350208116491558084e-04 8.996001270134001970e-05
1.357232498776284101e-04 9.383432188769802451e-05
1.368519841889792642e-04 9.301448153564706445e-05
1.340117923064099213e-04 9.235484321834519506e-05
1.379150937282247360e-04 1.042753356159664690e-04
1.373449841594265254e-04 8.508639439241960645e-05
1.355690659693209509e-04 8.877506479620933533e-05
1.344170077572925948e-04 8.896583312889561057e-05
1.347359634564782027e-04 9.210679127136245370e-05
1.388212695928814301e-04 8.758676995057612658e-05
1.333693000560742694e-04 9.916738781612366438e-05
1.327996239524509184e-04 9.126805525738745928e-05
1.347216404610662613e-04 8.764563244767487049e-05
1.329195893049472943e-04 9.017695265356451273e-05
1.347763771263999042e-04 8.845447155181318521e-05
1.368356227430922553e-04 9.554642019793391228e-05
1.344025771686574498e-04 8.782856457401067019e-05
1.367571328955819007e-04 8.508561586495488882e-05
1.361352827188966439e-04 9.333014168078079820e-05
1.342433653917396333e-04 8.560715650673955679e-05
1.329400339272979127e-04 8.556204556953161955e-05
1.353521304736205019e-04 9.963832417270168662e-05
1.437710435311600977e-04 9.429600322619080544e-05
1.321968708907661385e-04 9.050649532582610846e-05
1.328348489550990053e-04 8.739358599996194243e-05
1.311962235376995631e-04 8.543152944184839725e-05
1.313004589974298196e-04 8.454405178781598806e-05
1.311733672991977019e-04 8.369948773179203272e-05
1.307103995713987279e-04 8.225212513934820890e-05
1.319583001532009857e-04 8.686843648320063949e-05
1.327044401477905922e-04 9.702685929369181395e-05
1.307423287471465192e-04 8.898173837224021554e-05
1.385542100251768716e-04 8.848241850500926375e-05
1.315238651841354968e-04 8.825177064863964915e-05
1.354160003756987862e-04 8.456181967630982399e-05
1.317207026659161675e-04 8.663719927426427603e-05
1.296921469474909773e-04 8.438124496024101973e-05
1.330807749582163524e-04 1.192144845845177770e-04
1.429532197107619249e-04 9.242178930435329676e-05
1.330813061031221878e-04 8.787233673501759768e-05
1.305430364482162986e-04 8.673925185576081276e-05
1.302675998886115957e-04 9.101434989133849740e-05
1.308812810748349929e-04 9.570088150212541223e-05
1.319393329140439055e-04 8.374958997592329979e-05
1.347946842543023996e-04 8.765301754465326667e-05
1.293389950660639443e-04 8.906728180591017008e-05
1.310441493842517957e-04 8.685109787620604038e-05
1.369240022540907321e-04 8.537108806194737554e-05
1.313236209171009142e-04 8.401500963373109698e-05
1.291027111619769076e-04 8.431887545157223940e-05
1.344870050161262151e-04 8.699769387021660805e-05
1.305257679632632008e-04 8.609508222434669733e-05
1.310098674366599826e-04 8.910116594051942229e-05
1.293377082220104003e-04 8.546133904019370675e-05
1.296410055147134699e-04 9.465077891945838928e-05
1.305374525145452989e-04 9.011614019982516766e-05
1.303236133026075441e-04 8.731729758437722921e-05
1.307934961914725190e-04 8.670418174006044865e-05
1.321639542766206432e-04 8.734066796023398638e-05
1.378402956106583696e-04 1.224923762492835522e-04
1.337446115030616056e-04 1.089454381144605577e-04
1.309676693381334298e-04 1.000090851448476315e-04
1.334042797680012990e-04 8.493805944453924894e-05
1.312534508542739840e-04 8.874521881807595491e-05
1.291238196245103555e-04 8.450186578556895256e-05
1.320249569289444589e-04 9.560843318467959762e-05
1.312900627453927828e-04 8.622479799669235945e-05
1.342169545750948492e-04 8.544350566808134317e-05
1.289139982873166391e-04 8.965838060248643160e-05
1.304000736126908924e-04 8.328219701070338488e-05
1.301898764722864144e-04 8.825746044749394059e-05
1.303962179008522179e-04 8.488906314596533775e-05
1.286478624933806605e-04 8.671917748870328069e-05
1.298283462347171843e-04 9.569992835167795420e-05
1.349592572296387462e-04 8.522225834894925356e-05
1.285662159716594087e-04 8.786133548710495234e-05
1.282024833017203437e-04 8.465856808470562100e-05
1.311828408688597901e-04 8.497940871166065335e-05
1.287510717702389229e-04 8.425512351095676422e-05
1.283490056266600678e-04 8.634064579382538795e-05
1.297762846661498770e-04 8.352205622941255569e-05
1.273142179343267344e-04 8.523445285391062498e-05
1.282431007894047070e-04 8.729785622563213110e-05
1.275999559766205602e-04 8.832137245917692780e-05
1.287343054173106685e-04 8.644328045193105936e-05
1.275047950912267078e-04 9.137683082371950150e-05
1.276171990866714731e-04 8.498297393089160323e-05
1.272490340852527825e-04 8.738246106076985598e-05
1.299077824114647337e-04 1.008560648187994957e-04
1.284194793697679524e-04 8.307507232530042529e-05
1.314861586251936496e-04 8.287253149319440126e-05
1.299102465964096956e-04 8.468826126772910357e-05
1.267113602807512507e-04 8.337252074852585793e-05
1.277002545975847278e-04 8.521698327967897058e-05
1.280238613617257107e-04 8.739183249417692423e-05
1.271267642550810706e-04 8.319285552715882659e-05
1.293936023103015140e-04 8.682098268764093518e-05
1.273922855943965368e-04 8.671788964420557022e-05
1.271187733436818289e-04 9.326390863861888647e-05
1.281123089029279180e-04 8.632433309685438871e-05
1.327674585809290875e-04 1.066144468495622277e-04
1.316344664701318834e-04 8.996750693768262863e-05
1.256084568012738709e-04 8.262760093202814460e-05
1.269182725081918815e-04 8.620730659458786249e-05
1.271043611268396489e-04 8.639878069516271353e-05
1.284128210500057375e-04 8.231303945649415255e-05
1.268537597752583733e-04 9.741245594341307878e-05
1.266765165382821633e-04 8.528203761670738459e-05
1.251398155545757726e-04 8.185616752598434687e-05
1.266583666620135827e-04 8.454874478047713637e-05
1.252854615813703385e-04 8.618836727691814303e-05
1.274965930861071629e-04 8.333901496371254325e-05
1.259877097254502695e-04 8.159688877640292048e-05
1.255572334230237121e-04 8.332576544489711523e-05
1.258255161701526904e-04 8.448363951174542308e-05
1.293773825636890251e-04 8.416122000198811293e-05
1.255702410162484685e-04 8.364229870494455099e-05
1.267993787223531507e-04 8.109277405310422182e-05
1.260411620023660253e-04 8.188847277779132128e-05
1.283747707930160578e-04 8.031137986108660698e-05
1.256746727449353784e-04 9.039030555868521333e-05
1.271212024221313078e-04 8.895400242181494832e-05
1.301355014220462181e-04 8.153708768077194691e-05
1.241556185050285313e-04 8.209000225178897381e-05
1.270405155082698911e-04 8.648338553030043840e-05
1.262270830011402722e-04 8.447175787296146154e-05
1.259665934412623647e-04 8.121071732603013515e-05
1.251374184903397582e-04 8.482164412271231413e-05
1.261323859580443241e-04 8.216196874855086207e-05
1.255571342881012188e-04 9.372070053359493613e-05
1.303310838011384422e-04 8.855969645082950592e-05
1.257546091437689029e-04 8.209911902667954564e-05
1.270434144316823276e-04 9.233454329660162330e-05
1.251046100151143091e-04 8.221851021517068148e-05
1.251484585736761855e-04 8.256178261945024133e-05
1.253306604667159263e-04 8.282460476038977504e-05
1.252273135833093019e-04 9.020631114253774285e-05
1.251930679245560950e-04 8.294760482385754585e-05
1.246906728738394923e-04 8.558139961678534746e-05
1.267866068701550830e-04 9.554278949508443475e-05
1.268750296731013859e-04 8.114146476145833731e-05
1.243549428181722706e-04 8.485304715577512980e-05
1.257753930985927473e-04 8.487824379699304700e-05
1.242490817276120597e-04 8.343653462361544371e-05
1.242687870217196286e-04 8.462289406452327967e-05
1.251545088052807733e-04 8.298267493955790997e-05
1.239376745161280269e-04 8.210049418266862631e-05
1.236916390553233268e-04 8.355791214853525162e-05
1.266374209990317522e-04 8.440179226454347372e-05
1.256872671547171086e-04 8.242324838647618890e-05
1.258531099665560868e-04 8.488357707392424345e-05
1.252187473255616970e-04 7.928368722787126899e-05
1.253739904313988626e-04 8.179770520655438304e-05
1.238588532942230867e-04 8.184065518435090780e-05
1.244894726369238816e-04 8.350564166903495789e-05
1.237377730831212938e-04 8.033019548747688532e-05
1.238939051290799506e-04 8.285041258204728365e-05
1.242900637407729045e-04 8.423651161137968302e-05
1.263426283003354965e-04 8.649910159874707460e-05
1.261954576875723379e-04 8.784986130194738507e-05
1.241401257175311803e-04 8.253755368059501052e-05
1.233733702974859517e-04 8.329431148013100028e-05
1.232785780302947387e-04 8.672238618601113558e-05
1.245012491381203236e-04 8.261024777311831713e-05
1.247432610398391262e-04 8.393537427764385939e-05
1.243237818925990831e-04 8.735922165215015411e-05
1.234156996360980083e-04 8.930599869927391410e-05
1.248710713298351092e-04 7.998391811270266771e-05
1.238273292074154705e-04 8.068422175711020827e-05
1.255571704859903602e-04 8.938009705161675811e-05
1.237258659784856826e-04 8.219863229896873236e-05
1.242482417183055077e-04 8.062071719905361533e-05
1.233497471730515935e-04 9.448985656490549445e-05
1.241598148226330468e-04 8.599927969044074416e-05
1.229010184943035765e-04 8.169817738234996796e-05
1.226642125402577221e-04 8.373834862140938640e-05
1.228900445312319843e-04 8.396270277444273233e-05
1.249322021976695396e-04 8.169595093932002783e-05
1.233690119079255910e-04 8.792134758550673723e-05
1.229165547556476559e-04 8.267540397355332971e-05
1.234051700521376969e-04 8.141157013596966863e-05
1.225531690579373444e-04 8.446483116131275892e-05
1.226537413458572809e-04 8.254461135948076844e-05
1.221443223585083507e-04 8.079045073827728629e-05
1.237854751707345821e-04 8.546828030375763774e-05
1.224681211169808995e-04 8.308534597745165229e-05
1.242432041181018522e-04 8.292278653243556619e-05
1.232047575285832863e-04 8.383019303437322378e-05
1.231889930750185267e-04 8.210237865569069982e-05
1.247815191163681339e-04 8.210163650801405311e-05
1.231384041602723192e-04 8.454384078504517674e-05
1.224737082338833824e-04 8.330305718118324876e-05
1.215950872392568245e-04 8.396418706979602575e-05
1.237771933119802379e-04 9.056050475919619203e-05
1.233845541719347239e-04 8.500747935613617301e-05
1.222430258167151004e-04 8.648438233649358153e-05
1.228861446179507820e-04 8.129706839099526405e-05
1.248029112502990702e-04 8.176943811122328043e-05
1.225738979883317316e-04 7.963863026816397905e-05
1.227581753482809182e-04 8.734905713936313987e-05
1.224381968313537018e-04 8.378596976399421692e-05
1.226436922479479000e-04 8.615273691248148680e-05
1.220261439812020426e-04 8.691001858096569777e-05
1.221531221744953546e-04 8.171576337190344930e-05
1.241212181412265582e-04 8.323355723405256867e-05
1.229890638569486436e-04 8.104203152470290661e-05
1.207868874189443913e-04 8.069617615547031164e-05
1.210864354106888668e-04 8.066677401075139642e-05
1.227567558089504073e-04 8.185148180928081274e-05
1.224580990310642045e-04 8.018418157007545233e-05
1.230692123499466106e-04 8.142775914166122675e-05
1.220371600538783241e-04 8.260930189862847328e-05
1.228554208864807260e-04 1.033695516525767744e-04
1.220477911374473479e-04 8.457971125608310103e-05
1.211059026900329654e-04 8.441845420747995377e-05
1.217203610394790276e-04 8.693883137311786413e-05
1.214863530549337129e-04 8.234181586885824800e-05
1.239157842064741945e-04 8.099834667518734932e-05
1.212515931001689751e-04 8.184635225916281343e-05
1.209148808811733034e-04 8.176024857675656676e-05
1.203995561809279025e-04 8.266240911325439811e-05
1.210710098348499687e-04 8.175145194400101900e-05
1.217672386701451587e-04 7.981592352734878659e-05
1.221884322148980573e-04 9.409043559571728110e-05
1.224916543833387658e-04 8.147949847625568509e-05
1.215393991515156759e-04 8.042234549066051841e-05
1.210859499224170631e-04 7.929997082101181149e-05
1.218835697727627148e-04 7.932190783321857452e-05
1.199727255880134153e-04 8.035224891500547528e-05
1.216315504279918969e-04 8.116763638099655509e-05
1.201973836032266317e-04 8.080232510110363364e-05
1.211290098581230241e-04 8.161146251950412989e-05
1.210188822369673316e-04 8.176864503184333444e-05
1.204915039124898558e-04 8.061055268626660109e-05
1.221994314619223696e-04 9.471837984165176749e-05
1.236549336681491750e-04 8.176742267096415162e-05
1.224687208377872539e-04 8.301145135192200541e-05
1.218138197145890472e-04 8.150596841005608439e-05
1.215611458064813605e-04 8.219944720622152090e-05
1.205013497383333770e-04 8.026486466405913234e-05
1.208973974826221793e-04 8.259236346930265427e-05
1.215399964166863329e-04 8.442743273917585611e-05
1.215503722960420446e-04 7.956087938509881496e-05
1.206864548294106553e-04 7.911425927886739373e-05
1.199437479044718202e-04 8.129126217681914568e-05
1.207241152769711334e-04 8.213820547098293900e-05
1.202504070533905151e-04 8.094742952380329370e-05
1.208734815008938367e-04 8.118058758554980159e-05
1.211628013152221738e-04 8.283523493446409702e-05
1.204631385007814970e-04 8.330646960530430079e-05
1.206207160976191571e-04 7.961459050420671701e-05
1.203504046316083959e-04 8.089561015367507935e-05
1.203266453558171661e-04 8.604592585470527411e-05
1.212840820699057076e-04 8.782692020758986473e-05
1.208335598676057944e-04 8.126430475385859609e-05
1.197649589812499471e-04 8.241131581598892808e-05
1.211398654959339210e-04 8.201158198062330484e-05
1.213127461596741341e-04 8.077649545157328248e-05
1.202511749397672193e-04 7.916718459455296397e-05
1.191151622151664978e-04 8.008236909518018365e-05
1.220173487126885475e-04 8.597470878157764673e-05
1.212720473631634404e-04 8.072888886090368032e-05
1.199884017296426518e-04 8.024484850466251373e-05
1.193799285829300007e-04 8.380695362575352192e-05
1.198272745568829150e-04 8.037507359404116869e-05
1.196854277623060625e-04 8.152085501933470368e-05
1.202660252602072460e-04 7.963866664795204997e-05
1.187468546959280502e-04 7.990877929842099547e-05
1.200261885060172117e-04 8.266414079116657376e-05
1.196226697175006821e-04 8.109259943012148142e-05
1.192484907733160098e-04 8.126210013870149851e-05
1.199141383949609008e-04 8.169844659278169274e-05
1.200302368488337325e-04 8.380629151361063123e-05
1.197541015244496466e-04 8.391666779061779380e-05
1.209809182000753908e-04 8.312170393764972687e-05
1.199720684780913844e-04 7.933196320664137602e-05
1.182718892778211739e-04 8.075320511125028133e-05
1.200957646688038976e-04 7.911925786174833775e-05
1.186574751045554822e-04 7.967684359755367041e-05
1.203882367008191014e-04 8.149900531861931086e-05
1.197267906718479935e-04 8.060574327828362584e-05
1.199543889924825635e-04 7.962455856613814831e-05
1.207822061587648878e-04 8.073008211795240641e-05
1.192842958516848712e-04 8.321816858369857073e-05
1.201050071358622572e-04 8.550050552003085613e-05
1.193123574921628514e-04 8.090710616670548916e-05
1.209877342262188850e-04 8.013668411877006292e-05
1.185467896902991952e-04 8.035766950342804193e-05
1.194594289700035033e-04 7.988051947904750705e-05
1.190872036204382257e-04 8.099124534055590630e-05
1.198305507386976442e-04 8.396457997150719166e-05
1.197150976622651851e-04 8.049597818171605468e-05
1.192343399452511248e-04 7.956774061312898993e-05
1.183543297884170870e-04 8.186620834749191999e-05
1.191025487059960169e-04 8.210046507883816957e-05
1.191670758998952752e-04 8.142994192894548178e-05
1.187742607726249817e-04 8.051715849433094263e-05
1.184229107821011039e-04 8.086959860520437360e-05
1.200730033815489205e-04 8.399094076594337821e-05
1.197837457766581765e-04 8.514480578014627099e-05
1.207698257530864821e-04 7.971024024300277233e-05
1.181677946078707491e-04 8.065259316936135292e-05
1.193214749036997037e-04 8.028624870348721743e-05
1.182856985906255431e-04 7.902525248937308788e-05
1.183450148346310070e-04 8.051749318838119507e-05
1.185512584925163564e-04 7.877653115428984165e-05
1.191852590636699488e-04 8.091438212431967258e-05
1.198156288410245852e-04 8.136739779729396105e-05
1.195451130115543465e-04 8.166070620063692331e-05
1.188433127026655738e-04 8.308820542879402637e-05
1.189872989925788688e-04 8.036079816520214081e-05
1.194473587020183886e-04 7.927701517473906279e-05
1.188017853564815650e-04 7.974321488291025162e-05
1.179621301162114860e-04 8.069241448538377881e-05
1.183861590106971616e-04 7.976184133440256119e-05
1.179359505840693600e-04 7.896585884736850858e-05
1.183423880320333437e-04 7.947545236675068736e-05
1.181803299004968776e-04 8.002451795618981123e-05
1.180317468424618656e-04 8.051196346059441566e-05
1.174042667116737047e-04 7.939495117170736194e-05
1.187952853797469234e-04 8.044077549129724503e-05
1.174670263935695457e-04 7.893693691585212946e-05
1.182428615720709813e-04 8.319130574818700552e-05
1.197061554194078754e-04 8.297074236907064915e-05
1.177091437966737403e-04 8.140741556417196989e-05
1.182678422992466922e-04 8.066660666372627020e-05
1.179506376502104049e-04 7.931909931357949972e-05
1.185240223094297134e-04 7.912509317975491285e-05
1.177303477561508744e-04 8.051743498072028160e-05
1.178447962047357605e-04 7.928562990855425596e-05
1.180816143460106105e-04 7.960705261211842299e-05
1.173137796286027851e-04 8.029992750380188227e-05
1.174358482785464757e-04 8.429380977759137750e-05
1.178863465611357215e-04 8.297896420117467642e-05
1.177337290755531231e-04 7.969088619574904442e-05
1.171199029158742579e-04 7.990039739524945617e-05
1.170688131423958084e-04 7.854846626287326217e-05
1.193454560052487014e-04 8.014582272153347731e-05
1.182317691927892156e-04 7.984113472048193216e-05
1.177585181721951813e-04 7.720448775216937065e-05
1.183195934572722736e-04 7.978372741490602493e-05
1.178732809421489947e-04 8.071821503108367324e-05
1.172883490653475692e-04 7.862303027650341392e-05
1.169213710454641841e-04 7.927990372991189361e-05
1.177626918433816172e-04 8.081574924290180206e-05
1.180560660031915150e-04 7.865388033678755164e-05
1.171801199234323630e-04 8.077385427895933390e-05
1.176302461317391189e-04 8.174373942892998457e-05
1.179949139441305360e-04 7.926133548608049750e-05
1.177546972940035684e-04 7.841965998522937298e-05
1.176407246020971743e-04 7.963238022057339549e-05
1.172341164419776787e-04 7.918266783235594630e-05
1.183755534839292523e-04 8.084023284027352929e-05
1.171364063338842216e-04 7.800477033015340567e-05
1.171262949355877963e-04 8.019815140869468451e-05
1.169121870589151459e-04 7.756768172839656472e-05
1.172251171738025787e-04 8.079242252279073000e-05
1.173110505988006507e-04 7.868889952078461647e-05
1.174014692878699807e-04 7.987049320945516229e-05
1.173808024759637219e-04 7.810266106389462948e-05
1.171236465779656983e-04 7.777308928780257702e-05
1.174420363895478604e-04 8.082053682301193476e-05
1.173698270577005988e-04 7.884603110142052174e-05
1.170683264717808952e-04 8.254988642875105143e-05
1.172557235804561060e-04 8.091605559457093477e-05
1.166935113360523192e-04 7.868539250921458006e-05
1.172404165117768598e-04 7.982060196809470654e-05
1.171110826362564640e-04 8.120147685986012220e-05
1.171072091892710914e-04 8.118188998196274042e-05
1.172140194285020671e-04 8.042915578698739409e-05
1.171897755739337353e-04 8.044279093155637383e-05
1.166502049272821778e-04 8.249956590589135885e-05
1.171070099189819248e-04 8.043945854296907783e-05
1.165744823083514321e-04 8.002070535439997911e-05
1.171142981547745822e-04 8.120506390696391463e-05
1.174509840893733808e-04 7.761684537399560213e-05
1.166803928754234248e-04 7.831782568246126175e-05
1.168719965789932785e-04 8.110354974633082747e-05
1.169656496131210561e-04 7.878940959926694632e-05
1.165781501185847392e-04 8.056872320594266057e-05
1.173636300336511394e-04 8.038746454985812306e-05
1.172156627944787060e-04 7.806092617101967335e-05
1.168071797110314920e-04 7.922689837869256735e-05
1.160584141871368101e-04 7.914275920484215021e-05
1.168509458693733932e-04 8.001936657819896936e-05
1.168117022643855361e-04 8.370664727408438921e-05
1.171357102975889575e-04 7.840991020202636719e-05
1.173561486211838201e-04 7.835272845113649964e-05
1.171298444205604082e-04 7.933306915219873190e-05
1.162362879767897566e-04 7.867739623179659247e-05
1.163673511655360953e-04 7.838950841687619686e-05
1.163757355243433321e-04 7.938022463349625468e-05
1.177993390228948556e-04 7.890412234701216221e-05
1.163271954283118248e-04 7.793186523485928774e-05
1.161106371910136686e-04 7.919235213194042444e-05
1.159260860731592348e-04 7.976374763529747725e-05
1.163718806310498676e-04 8.004083065316081047e-05
1.173464067505847224e-04 7.830427057342603803e-05
1.170501258457079584e-04 7.844102219678461552e-05
1.159014863333141020e-04 7.943414675537496805e-05
1.158550773652677917e-04 7.891815766924992204e-05
1.163291839475277865e-04 7.902093057055026293e-05
1.167774033092427972e-04 7.896048191469162703e-05
1.164372467428620466e-04 7.861139602027833462e-05
1.164330620667897111e-04 7.931071741040796041e-05
1.160441509455267779e-04 8.028136653592810035e-05
1.169546409983013318e-04 7.967410783749073744e-05
1.162955431027512586e-04 7.913312583696097136e-05
1.162425276561407345e-04 7.748444477329030633e-05
1.158370458142599064e-04 8.178718417184427381e-05
1.155815034508123063e-04 7.861458288971334696e-05
1.158611386927077574e-04 7.963183452375233173e-05
1.163112551694212016e-04 7.885927334427833557e-05
1.171908675132726785e-04 7.828463276382535696e-05
1.156166125838353818e-04 7.810723764123395085e-05
1.160899919341318309e-04 7.774490222800523043e-05
1.173870226011786117e-04 7.826306682545691729e-05
1.160534829978132620e-04 7.789321534801274538e-05
1.160823005193378803e-04 8.002804679563269019e-05
1.157877887635549942e-04 7.866132364142686129e-05
1.161343161584227346e-04 7.891005952842533588e-05
1.160805350991722608e-04 7.756066770525649190e-05
1.158636468971963041e-04 7.851941336411982775e-05
1.155754433966649285e-04 7.984747935552150011e-05
1.159635528892977136e-04 7.838844612706452608e-05
1.160967038231319721e-04 7.702282891841605306e-05
1.154335491264646407e-04 7.832803385099396110e-05
1.160145941867085612e-04 7.834919961169362068e-05
1.166773825389100212e-04 7.856285083107650280e-05
1.162303391538444029e-04 7.892986468505114317e-05
1.157259146566502723e-04 7.880255725467577577e-05
1.157446007709950263e-04 8.047908340813592076e-05
1.161484978183580151e-04 7.956024637678638101e-05
1.161384348961291781e-04 7.932270818855613470e-05
1.155078104602580452e-04 7.845649815862998366e-05
1.154990678514877746e-04 7.900609489297494292e-05
1.155804281552264028e-04 7.912740693427622318e-05
1.154652460172655938e-04 7.757324783597141504e-05
1.159209024990559583e-04 7.759533764328807592e-05
1.155997147179732565e-04 7.797013677190989256e-05
1.166433846265135826e-04 7.796825957484543324e-05
1.158028165264113313e-04 7.855905278120189905e-05
1.156908031589409775e-04 7.923179509816691279e-05
1.156939682914526256e-04 7.819944585207849741e-05
1.153238451479410314e-04 7.791427196934819221e-05
1.155865352302498650e-04 7.831689435988664627e-05
1.155181299509422334e-04 7.817910227458924055e-05
1.161370139016071362e-04 7.789899973431602120e-05
1.153013280600134803e-04 7.825525244697928429e-05
1.155903471953934031e-04 7.945491233840584755e-05
1.154618912551086396e-04 7.990718586370348930e-05
1.151069195657328237e-04 7.927831029519438744e-05
1.166809641290456029e-04 7.927456317702308297e-05
1.152893429207324462e-04 7.952474697958678007e-05
1.158383176516508711e-04 7.833051495254039764e-05
1.161159955699986285e-04 7.930975698400288820e-05
1.151595928604365381e-04 7.915655442047864199e-05
1.151204583038634155e-04 7.794613338774070144e-05
1.150725392108142896e-04 7.881636702222749591e-05
1.155560823463019942e-04 7.771862146910279989e-05
