2.786746107158251037e-02 8.733197115361690521e-03
7.598171912832185626e-03 8.960568346083164215e-03
5.710487297619692981e-03 5.850900895893573761e-03
4.155784820613917137e-03 2.672462258487939835e-03
3.577109611069317734e-03 3.382873488590121269e-03
3.013827618269715545e-03 1.693229773081839085e-03
2.425788177788490430e-03 1.505669672042131424e-03
1.939812316413735884e-03 1.110323122702538967e-03
1.662490612216061025e-03 3.033667569980025291e-03
1.818394291331060274e-03 8.522914722561836243e-04
1.672333549504401206e-03 9.867304470390081406e-04
1.453505803510779515e-03 7.652645581401884556e-04
1.178832821460673672e-03 9.124628268182277679e-04
1.320019924605730921e-03 1.006088335998356342e-03
1.229736350069288164e-03 1.731191994622349739e-03
1.217365512275137007e-03 8.321342756971716881e-04
1.015739948343252763e-03 7.405844517052173615e-04
9.366113939904607616e-04 7.347734645009040833e-04
8.030078482988755933e-04 7.292500231415033340e-04
8.544423257262678600e-04 6.433512317016720772e-04
8.675717614096356773e-04 6.406398606486618519e-04
8.295468880533008339e-04 6.314213387668132782e-04
9.755915994901443117e-04 7.785613997839391232e-04
8.485382873914204755e-04 6.022508605383336544e-04
7.613283043610863821e-04 7.932859589345753193e-04
9.060198550287168690e-04 6.896274280734360218e-04
8.264639014669228562e-04 1.220812438987195492e-03
8.697592977114255042e-04 4.787307116203010082e-04
7.994147996214451485e-04 8.283607894554734230e-04
7.124134135665372014e-04 6.264117546379566193e-04
8.983814255770994567e-04 4.570598830468952656e-04
8.408760426391381554e-04 6.818050751462578773e-04
6.984759202168788761e-04 4.870216944254934788e-04
8.300453184347134517e-04 4.505909455474466085e-04
6.607709095987956754e-04 4.823373164981603622e-04
8.428473785897950144e-04 4.306002520024776459e-04
5.728375523176510104e-04 4.100263176951557398e-04
5.774494802608387545e-04 4.747132770717144012e-04
8.344087975274306224e-04 4.339126753620803356e-04
6.136676478490698866e-04 7.745096227154135704e-04
5.815875774715095758e-04 7.643317803740501404e-04
6.015407616359880194e-04 3.505190834403038025e-04
4.848276508710114502e-04 3.780792176257818937e-04
6.813064926973310797e-04 3.722533583641052246e-04
9.006533826322992830e-04 4.412730340845882893e-04
5.052499469456961595e-04 5.056693335063755512e-04
5.099955084006069445e-04 4.274481325410306454e-04
4.803633470146451362e-04 3.682015521917492151e-04
7.260980775754433559e-04 4.457732720766216516e-04
4.580912711389828365e-04 3.204663807991892099e-04
5.778292426839471297e-04 3.877026902046054602e-04
4.979262259439565675e-04 4.795253335032612085e-04
4.741292959806742147e-04 7.105742697604000568e-04
5.762462176789994849e-04 3.393854713067412376e-04
4.967035987647250078e-04 3.089397505391389132e-04
5.434102738945511667e-04 4.022974462714046240e-04
4.387184009829070311e-04 3.550442343112081289e-04
5.499388156749773554e-04 3.352408239152282476e-04
4.173294542852090888e-04 3.784771834034472704e-04
6.990309080720180862e-04 3.971713595092296600e-04
4.582831155858002386e-04 3.734775236807763577e-04
4.192364343907683871e-04 4.955509793944656849e-04
4.505909797444474169e-04 3.330239851493388414e-04
3.706490724653122015e-04 3.661959199234843254e-04
4.730817792733432617e-04 4.811550606973469257e-04
5.583528089118771753e-04 9.253795142285525799e-04
4.749113279103767018e-04 3.350393963046371937e-04
3.933804262487683554e-04 3.934765118174254894e-04
4.958964100296725519e-04 4.304113390389829874e-04
4.438809857674641426e-04 3.119214088656008244e-04
3.534515468345489570e-04 3.690131998155266047e-04
4.276976036635460115e-04 5.491067422553896904e-04
5.429313154309056482e-04 2.759031194727867842e-04
4.208658298011869409e-04 2.648353110998868942e-04
4.615344521880615611e-04 3.690441662911325693e-04
5.187059399759163863e-04 1.639887690544128418e-03
5.198017650400287969e-04 2.738385810516774654e-04
3.810113877989351641e-04 3.118614258710294962e-04
4.347056923506897657e-04 3.565764636732637882e-04
4.178412496912642599e-04 2.605440095067024231e-04
4.250434772984590598e-04 3.448259085416793823e-04
3.678237342683132846e-04 2.697788586374372244e-04
3.628818016295553900e-04 3.169733681716024876e-04
4.101682796317618449e-04 2.390019071754068136e-04
4.205156172247370813e-04 2.722547505982220173e-04
3.761318190299789638e-04 3.782018611673265696e-04
3.804470643444801681e-04 4.363501502666622400e-04
3.797709614445921034e-04 2.966062747873365879e-04
3.770378631088533656e-04 2.468336315359920263e-04
4.036359929159516685e-04 3.606000100262463093e-04
4.580512279062531780e-04 2.727483515627682209e-04
3.881665537846856534e-04 2.492798375897109509e-04
4.786092133144847940e-04 7.632888737134635448e-04
4.202412997983629101e-04 6.269370205700397491e-04
4.525528051090077280e-04 2.744190569501370192e-04
4.766856396599905782e-04 3.122631169389933348e-04
5.287026031510321921e-04 2.594464458525180817e-04
3.612742088080267205e-04 2.728310937527567148e-04
3.276820110841071948e-04 5.184502806514501572e-04
5.342605672922218218e-04 6.637269980274140835e-04
4.274445955161354505e-04 2.733522560447454453e-04
4.409888624650193378e-04 2.299609186593443155e-04
3.144985314065706808e-04 2.385594125371426344e-04
3.600550169721827951e-04 2.548366901464760303e-04
3.249493996918317645e-04 2.908292226493358612e-04
3.161693102811113931e-04 2.945499145425856113e-04
3.283178060883073851e-04 3.083799965679645538e-04
3.462100761680630750e-04 3.116508014500141144e-04
5.380577253163209899e-04 3.020838776137679815e-04
4.588948857417563085e-04 2.433178015053272247e-04
3.631020019383868094e-04 2.363259845878928900e-04
3.370659829670330726e-04 6.436737603507936001e-04
3.330167810418060981e-04 2.034602657658979297e-04
3.148739033349556848e-04 6.018354324623942375e-04
2.932700421297340437e-04 2.168850332964211702e-04
2.613423008369864181e-04 3.732001350726932287e-04
3.228840265364852019e-04 2.677372831385582685e-04
4.068993514010799009e-04 3.244182735215872526e-04
3.699227976539986923e-04 2.133736852556467056e-04
3.189409471815451980e-04 2.961229474749416113e-04
3.537929607773548815e-04 3.654277825262397528e-04
3.039820228877943118e-04 2.084712759824469686e-04
2.942223869467852854e-04 7.824621279723942280e-04
3.090295909714768858e-04 3.744323621504008770e-04
2.855680895663681440e-04 1.990963210118934512e-04
2.921649500422063392e-04 1.948426361195743084e-04
2.930839511464000571e-04 3.223636886104941368e-04
2.767047029919922135e-04 3.162491484545171261e-04
3.219604423065902665e-04 2.244302013423293829e-04
4.188492910543573197e-04 2.674896386452019215e-04
2.556277822804986499e-04 2.454565837979316711e-04
2.449453968438319862e-04 1.728087954688817263e-04
2.535549720050767064e-04 2.122682344634085894e-04
3.039606579477549639e-04 5.492549389600753784e-04
4.396775224449811286e-04 1.850931585067883134e-04
3.206810260962811299e-04 1.994097401620820165e-04
2.896738782510510429e-04 2.012044424191117287e-04
2.438730682115419659e-04 2.315244200872257352e-04
2.314038043550681269e-04 2.758039918262511492e-04
4.062819341925205771e-04 2.445304417051374912e-04
2.731616325036156814e-04 1.655261148698627949e-04
2.388065082413959263e-04 1.689400960458442569e-04
3.036444115423364456e-04 2.505107549950480461e-04
2.526652739106794105e-04 2.197857975261285901e-04
2.252621334264404140e-04 1.710658398224040866e-04
2.369469182667671811e-04 3.410935751162469387e-04
2.607567997984005853e-04 1.998082443606108427e-04
2.580629703516024382e-04 2.651860413607209921e-04
2.690556757443118840e-04 1.720169093459844589e-04
2.310026027771527987e-04 1.946730772033333778e-04
2.399157023319276104e-04 1.661392161622643471e-04
2.289056448717019412e-04 2.424660779070109129e-04
2.622505051476764601e-04 3.379717818461358547e-04
2.593591612821910747e-04 2.579100837465375662e-04
2.455427027598489184e-04 1.694172096904367208e-04
2.952294245915254470e-04 1.601744588697329164e-04
2.686980975340702788e-04 1.448731200071051717e-04
2.726972854361520040e-04 1.670553610892966390e-04
2.362573206482920687e-04 1.628946629352867603e-04
2.379042338361614438e-04 2.223890332970768213e-04
2.762333004284300950e-04 1.693283556960523129e-04
2.550329705627518923e-04 2.612311800476163626e-04
3.170623638652614426e-04 2.354251046199351549e-04
2.676089487067656700e-04 1.930434082169085741e-04
2.174639661461697014e-04 2.117613621521741152e-04
2.178618435209500495e-04 1.665348390815779567e-04
2.167768343497300521e-04 1.333270047325640917e-04
2.636232833538087799e-04 2.398560754954814911e-04
2.645281665536458604e-04 2.247357915621250868e-04
2.244275392513372935e-04 2.121228462783619761e-04
2.374882760705077089e-04 1.530687150079756975e-04
2.129338708982686512e-04 1.892800210043787956e-04
2.225620539320516292e-04 1.404398208251222968e-04
2.316798172614653595e-04 1.682590955169871449e-04
2.198260246586869362e-04 1.831332047004252672e-04
2.140928161679767181e-04 1.473862357670441270e-04
2.585885347798466791e-04 2.080868871416896582e-04
2.375762787778512575e-04 1.410473196301609278e-04
2.355843547775293755e-04 2.260795590700581670e-04
2.713834644964663420e-04 1.870102569228038192e-04
2.209178152043023092e-04 1.580712560098618269e-04
2.125981448443781227e-04 1.718700659694150090e-04
2.596492273369222165e-04 2.044801367446780205e-04
2.292610381118720289e-04 2.256853767903521657e-04
2.441631559122470208e-04 2.275129809277132154e-04
4.329740662797121114e-04 2.297798928339034319e-04
2.351546649151714573e-04 1.704105234239250422e-04
2.131773353539756499e-04 1.473695738241076469e-04
1.930522675138490794e-04 1.854309521149843931e-04
1.996620803765836172e-04 1.923587697092443705e-04
2.382532662522862611e-04 2.378849749220535159e-04
2.314590451533149462e-04 1.402372436132282019e-04
2.163003291570930742e-04 1.684604212641716003e-04
2.117054787959204932e-04 2.440842799842357635e-04
2.219104948380845653e-04 1.506459375377744436e-04
2.021269881879561689e-04 1.344704069197177887e-04
2.369714678934542516e-04 1.568159350426867604e-04
2.245564320219273159e-04 3.297730872873216867e-04
2.096851754686213044e-04 1.603822165634483099e-04
2.158019429771229571e-04 1.613844797248020768e-04
2.174518118408741375e-04 2.014458586927503347e-04
2.066195420411531813e-04 1.444522931706160307e-04
2.222811868705321049e-04 1.900108036352321506e-04
2.015364590988610763e-04 1.455350284231826663e-04
1.866458247604896260e-04 1.440330670448020101e-04
2.160837704650475535e-04 1.452314609196037054e-04
2.193025020460481755e-04 1.243686710949987173e-04
2.218791085397242677e-04 1.475950557505711913e-04
2.277119219797896221e-04 2.296548773301765323e-04
2.266672830955940353e-04 1.821582700358703732e-04
2.011910627516044824e-04 1.275661197723820806e-04
1.977698179871367756e-04 1.521711237728595734e-04
2.264541149997967241e-04 2.677732845768332481e-04
2.080490801745327298e-04 1.576862268848344684e-04
1.993886659874988146e-04 1.465243985876441002e-04
2.226845315817627233e-04 2.467299927957355976e-04
2.047793127530894708e-04 1.239820703631266952e-04
1.854530327364045715e-04 1.300526200793683529e-04
1.888252383650978919e-04 1.821775658754631877e-04
1.912124256705283242e-04 2.007341245189309120e-04
1.880585857179539635e-04 1.386349467793479562e-04
2.005326225116732422e-04 1.424932706868276000e-04
4.020271593617507971e-04 2.329758426640182734e-04
2.359678817811072912e-04 1.523379469290375710e-04
1.952522394276456853e-04 1.372465339954942465e-04
2.301544015608669616e-04 1.270673092221841216e-04
1.920645778227481006e-04 1.426602975698187947e-04
2.057152959423547199e-04 1.487985718995332718e-04
1.775581728907127291e-04 1.234512310475111008e-04
1.814963139622705003e-04 1.587299921084195375e-04
2.026878459219005944e-04 2.262115012854337692e-04
2.040939898506621830e-04 1.125204871641471982e-04
1.784992309694644064e-04 1.348999503534287214e-04
1.979849325834948104e-04 1.194402429973706603e-04
2.009178548178169822e-04 1.382591144647449255e-04
1.963568290193506874e-04 1.222562568727880716e-04
1.982524399863905273e-04 1.406535593559965491e-04
2.036236075582564700e-04 1.266678445972502232e-04
1.938117002282524481e-04 1.568254956509917974e-04
1.882318149000638987e-04 2.460392715875059366e-04
2.159385188861051629e-04 1.263085287064313889e-04
2.055458631730289144e-04 2.291097480338066816e-04
1.883350061689270552e-04 1.498310157330706716e-04
2.018070728809106987e-04 1.364531490253284574e-04
2.252580787171609808e-04 2.768049016594886780e-04
2.013845764849975239e-04 1.138067818828858435e-04
1.733073388095362935e-04 1.198018435388803482e-04
1.752479958668118234e-04 1.253463269677013159e-04
1.710860871753538850e-04 1.205392909469082952e-04
1.944071321304363773e-04 1.506591070210561156e-04
1.801520290428015761e-04 1.893227745313197374e-04
2.024893134148442132e-04 1.494293974246829748e-04
1.920227495247672832e-04 1.910913561005145311e-04
2.002510180318495367e-04 1.144818234024569392e-04
1.925143672451668062e-04 1.304161851294338703e-04
1.831585222134890555e-04 1.757969585014507174e-04
1.910221023535996101e-04 1.628110476303845644e-04
1.869898126642510869e-04 1.407445233780890703e-04
1.841337836594902802e-04 1.278079289477318525e-04
1.829653229833638707e-04 1.177083104266785085e-04
1.907201388348767177e-04 1.502813101978972554e-04
1.976619868401030598e-04 1.215104493894614279e-04
1.767733930137182997e-04 1.268941268790513277e-04
1.828852039579942465e-04 1.230213529197499156e-04
1.723574359857593663e-04 1.348590158158913255e-04
1.760469733198988143e-04 1.286701590288430452e-04
1.645268103857233600e-04 1.132571269408799708e-04
1.757316880684811676e-04 1.111771416617557406e-04
1.655555912293493694e-04 1.159727107733488083e-04
1.854626857493713032e-04 1.439166226191446185e-04
1.755969013174763058e-04 2.068710018647834659e-04
1.916815229378698968e-04 2.254684222862124443e-04
1.926447597725200521e-04 2.043924032477661967e-04
2.238541112092207078e-04 1.476144825574010611e-04
1.650638469982368352e-04 1.306774502154439688e-04
1.764957458362914730e-04 1.164681889349594712e-04
1.926289468428876771e-04 1.306063786614686251e-04
1.871227464107505511e-04 1.922482188092544675e-04
1.713561608994496109e-04 1.080872971215285361e-04
1.799434568965807449e-04 1.943732640938833356e-04
1.791450621567491962e-04 1.158085651695728302e-04
1.825984045353834517e-04 1.591666077729314566e-04
1.814623746213328613e-04 1.311266532866284251e-04
1.671323117079737076e-04 1.137112994911149144e-04
1.641515681512828505e-04 1.089172583306208253e-04
1.644724702600797173e-04 1.284733880311250687e-04
1.795418909750878919e-04 1.202421262860298157e-04
1.719710073302849087e-04 1.208480462082661688e-04
1.626441600819816704e-04 1.173647833638824522e-04
1.639735491153260282e-04 1.055347383953630924e-04
1.725040586279647068e-04 2.210476668551564217e-04
1.765308577887481187e-04 1.936899207066744566e-04
1.667186528720776605e-04 1.506698317825794220e-04
1.725037206597335063e-04 1.418145693605765700e-04
1.880473672827065511e-04 1.165459980256855488e-04
1.708492867692257332e-04 1.497124321758747101e-04
1.726615775623940754e-04 1.241846184711903334e-04
1.659902063693152741e-04 1.283318706555292010e-04
1.907575576296949185e-04 1.191698102047666907e-04
1.665727052568399921e-04 1.166097354143857956e-04
1.588130500749684762e-04 1.128205549321137369e-04
1.670689881393627675e-04 1.175348661490716040e-04
1.684575283434241902e-04 1.128974472521804273e-04
1.717097509754239690e-04 1.100949011743068695e-04
1.677845713857095580e-04 1.120129454648122191e-04
1.699473103144555461e-04 1.562170218676328659e-04
1.722349687952373697e-04 1.089575089281424880e-04
1.591239087247231564e-04 1.108823125832714140e-04
1.570882097439607497e-04 1.151985052274540067e-04
1.728212188936595231e-04 1.389200187986716628e-04
1.729423625874915106e-04 1.596273505128920078e-04
1.682289357631816529e-04 1.082839808077551425e-04
1.586548922205111120e-04 1.110963203245773911e-04
1.623766598640941029e-04 1.189066897495649755e-04
1.588952204656379763e-04 1.089911820599809289e-04
1.612821991329838165e-04 1.181751358672045171e-04
1.731399494929064422e-04 1.266075123567134142e-04
1.677709812611283160e-04 1.158108570962212980e-04
1.648627737267815865e-04 1.178601523861289024e-04
1.692555084446212223e-04 1.515653857495635748e-04
1.704992706436314566e-04 1.080500878742896020e-04
1.619284269509080440e-04 1.012416323646903038e-04
1.609526752872625366e-04 1.275922695640474558e-04
1.592027499100367896e-04 1.123722613556310534e-04
1.935203404173080344e-04 1.195477234432473779e-04
1.685955357061175218e-04 1.002442659228108823e-04
1.520026292382681385e-04 1.152320983237586915e-04
1.652371553973352894e-04 1.324383774772286415e-04
1.560648093800409643e-04 1.112011232180520892e-04
1.576703749378793819e-04 1.183215281344018877e-04
1.598761131390347200e-04 1.187829548143781722e-04
1.677060826295928618e-04 1.288349012611433864e-04
1.640445769226062220e-04 1.198499376187101007e-04
1.651106088502274469e-04 1.109434670070186257e-04
1.579476440383586924e-04 1.028425758704543114e-04
1.492619283453677889e-04 1.162216503871604800e-04
1.541849514069326742e-04 9.738192602526396513e-05
1.616797834685712641e-04 9.678849164629355073e-05
1.504711530287750120e-04 1.494780590292066336e-04
1.709819710413285174e-04 1.058897032635286450e-04
1.630715369174140505e-04 1.584481215104460716e-04
1.504005938841146525e-04 1.060041686287149787e-04
1.531936414721712882e-04 1.247576728928834200e-04
1.572078520439390667e-04 1.307511993218213320e-04
1.582864404554129687e-04 1.024720477289520204e-04
1.797429029466002357e-04 1.617818779777735472e-04
1.545449545119481627e-04 9.998015593737363815e-05
1.688133415882475674e-04 1.484954700572416186e-04
1.719187299386248870e-04 1.694112434051930904e-04
1.528365418380417450e-04 1.290455256821587682e-04
1.519243988695961835e-04 9.755980863701552153e-05
1.472370317060267607e-04 1.421114138793200254e-04
1.645304016165027752e-04 1.035980676533654332e-04
1.469877438466937747e-04 9.657633927417919040e-05
1.515546112386800923e-04 1.005361918942071497e-04
1.485796878114342744e-04 1.539914665045216680e-04
1.697285821137484109e-04 1.033286534948274493e-04
1.605859079063520767e-04 9.436076652491465211e-05
1.529394553472229745e-04 9.618950571166351438e-05
1.496701789619692081e-04 1.018266921164467931e-04
1.436693724826909547e-04 9.877240518108010292e-05
1.506747425082721802e-04 1.030967105180025101e-04
1.523397403616400024e-04 1.019735136651434004e-04
1.529516164737288017e-04 9.419930574949830770e-05
1.481360024627065178e-04 9.880472498480230570e-05
1.693620443802501486e-04 1.851033448474481702e-04
1.608950271474895890e-04 9.860047430265694857e-05
1.459140578845108502e-04 1.142625333159230649e-04
1.666865785409754716e-04 1.363905321341007948e-04
1.505027091297961197e-04 1.163597771665081382e-04
1.411927048138750143e-04 1.058299530996009707e-04
1.484555215029104093e-04 1.111303572542965412e-04
1.501611444837180952e-04 1.024698576657101512e-04
1.514305477940069923e-04 1.098405700759030879e-04
1.532282990410749335e-04 9.769034659257158637e-05
1.522141682471556178e-04 9.682682866696268320e-05
1.440290187019854892e-04 9.688573481980711222e-05
1.465298704715678523e-04 1.073692474165000021e-04
1.463565203266625812e-04 9.685905388323590159e-05
1.410468398717057426e-04 9.821370622375980020e-05
1.473441885536885766e-04 9.523894550511613488e-05
1.466845320464926718e-04 9.982688061427325010e-05
1.463916158172651302e-04 1.186960580525919795e-04
1.438220768250175860e-04 9.550344839226454496e-05
1.437203791283536702e-04 1.109732547774910927e-04
1.553722554490377661e-04 9.225759276887401938e-05
1.509383585471368969e-04 9.323438280262053013e-05
1.521693666290957481e-04 1.045458484441041946e-04
1.442927203243016374e-04 1.059006681316532195e-04
1.399440709064947333e-04 1.085648764274083078e-04
1.534173599793575596e-04 1.010341802611947060e-04
1.422400919182109646e-04 1.180733452201820910e-04
1.503935187429306043e-04 1.513415190856903791e-04
1.506357050857332178e-04 9.886677435133606195e-05
1.480876808273023926e-04 1.103591639548540115e-04
1.431315989066206493e-04 8.742343925405293703e-05
1.365911354696436211e-04 9.266407869290560484e-05
1.474855553169618361e-04 1.041472860379144549e-04
1.427842848897853401e-04 9.149745892500504851e-05
1.460043050428794177e-04 9.564700303599238396e-05
1.404149596964998691e-04 9.267898713005706668e-05
1.384978574606065996e-04 9.836071694735437632e-05
1.413904838955204414e-04 1.021457574097439647e-04
1.363600569675327170e-04 9.014028182718902826e-05
1.398871810124546701e-04 1.042993026203475893e-04
1.496862972089729846e-04 1.100272857001982629e-04
1.556304338919289767e-04 9.250217408407479525e-05
1.534035495751595590e-04 1.057926783687435091e-04
1.366841831440979041e-04 9.864122694125398993e-05
1.541644581266155109e-04 1.052038060151971877e-04
1.388763425893557724e-04 9.465177572565153241e-05
1.395978551045118420e-04 9.314854105468839407e-05
1.423458570570801385e-04 9.717354259919375181e-05
1.405263802553235965e-04 9.610177221475169063e-05
1.423208186679403298e-04 9.348841558676213026e-05
1.391312548548739869e-04 9.626055543776601553e-05
1.428948001375829444e-04 1.022218057187274098e-04
1.391459692058560850e-04 9.724350820761173964e-05
1.390803210597368780e-04 9.310252789873629808e-05
1.370358790154568905e-04 9.089572267839685082e-05
1.436140516489103794e-04 1.403254282195121050e-04
1.418908095729420893e-04 1.216967721120454371e-04
1.405222322318877668e-04 9.137777669820934534e-05
1.410117028171953334e-04 1.070885773515328765e-04
1.355904710180766415e-04 9.423321171198040247e-05
1.425832728273235316e-04 1.376923610223457217e-04
1.531949044874636565e-04 1.139044979936443269e-04
1.407315021424437873e-04 9.840255370363593102e-05
1.361453315439575763e-04 8.991829963633790612e-05
1.352423890239151769e-04 1.024438315653242171e-04
1.384787199640413855e-04 8.688330126460641623e-05
1.369096500638988692e-04 1.141985194408334792e-04
1.414147214745753391e-04 8.837056520860642195e-05
1.371388889310765080e-04 9.628538100514560938e-05
1.352387399492727073e-04 9.190389391733333468e-05
1.428452966138138382e-04 9.449003118788823485e-05
1.409525486451457146e-04 1.005262820399366319e-04
1.344433633676089920e-04 9.775754006113857031e-05
1.349900946479465238e-04 9.102424519369378686e-05
1.340140455795335638e-04 1.194150390801951289e-04
1.388776727253571153e-04 9.827494795899838209e-05
1.406507290994340965e-04 1.118014333769679070e-04
1.360444013698724921e-04 9.601782221579924226e-05
1.413493441759783309e-04 9.109908569371327758e-05
1.371529321659181624e-04 9.490025695413351059e-05
1.369988636724883636e-04 1.102924215956591070e-04
1.502467173850163926e-04 9.418071567779406905e-05
1.395594916175468933e-04 1.006053280434571207e-04
1.329657331552880242e-04 9.411547216586768627e-05
1.342094584288133720e-04 8.711325062904506922e-05
1.336295481451088563e-04 1.114221740863285959e-04
1.394025884110305978e-04 1.046372562996111810e-04
1.340541110039339509e-04 8.703947969479486346e-05
1.319720729952678193e-04 9.927010250976309180e-05
1.319558778959617430e-04 1.144102643593214452e-04
1.364255067528574727e-04 9.274559852201491594e-05
1.355856397822208237e-04 1.135545171564444900e-04
1.368963369714038089e-04 9.683117241365835071e-05
1.368044677292346023e-04 8.879695087671279907e-05
1.322595506280777153e-04 9.277092613046988845e-05
1.353293688225676251e-04 1.072152736014686525e-04
1.380315873575455152e-04 9.100370516534894705e-05
1.316359636803099312e-04 8.752143185120075941e-05
1.395409321958140936e-04 9.955880523193627596e-05
1.362759739095054155e-04 9.376903472002595663e-05
1.445289602997945676e-04 9.884314931696280837e-05
1.413506812241394019e-04 1.161321270046755672e-04
1.345352260614163296e-04 8.368262933799996972e-05
1.313246225436159875e-04 9.415251406608149409e-05
1.334705416411452461e-04 8.732747664907947183e-05
1.329349006482516415e-04 8.858906949171796441e-05
1.340022752629011047e-04 1.054067179211415350e-04
1.310415668740461115e-04 9.072499233298003674e-05
1.324308427683718037e-04 9.520109597360715270e-05
1.327413029684976155e-04 8.933223580243065953e-05
1.334479560682666542e-04 8.780982170719653368e-05
1.332672909484244883e-04 1.054383319569751620e-04
1.490131220634793917e-04 8.941749547375366092e-05
1.357234728857292739e-04 1.029439736157655716e-04
1.395137412146141179e-04 1.006381789920851588e-04
1.315715948294382597e-04 8.583775343140587211e-05
1.309619467974698745e-04 1.089558500098064542e-04
1.321129140706034269e-04 1.065120886778458953e-04
1.354699514195090268e-04 8.963362779468297958e-05
1.344371868981397602e-04 8.736402378417551517e-05
1.316101479460485280e-04 1.006453094305470586e-04
1.406704981491202543e-04 9.983615018427371979e-05
1.365275283205846844e-04 9.284623956773430109e-05
1.312789495386823546e-04 9.517300350125879049e-05
1.336648027972842155e-04 1.395386934746056795e-04
1.320524936090805459e-04 9.575422154739499092e-05
1.293296381845721044e-04 9.648633567849174142e-05
1.327606115410162547e-04 8.780541975283995271e-05
1.313634852522227447e-04 9.128341480391100049e-05
1.313218406721716855e-04 1.206349552376195788e-04
1.358177329166210202e-04 1.018707189359702170e-04
1.317759166340692846e-04 9.182087524095550179e-05
1.362478505143371931e-04 9.516470890957862139e-05
1.351766808511456529e-04 9.430707723367959261e-05
1.299869720241986107e-04 8.639739826321601868e-05
1.316446961027395392e-04 9.206350659951567650e-05
1.309302454501448773e-04 9.117479930864647031e-05
1.296548444770451115e-04 8.732070273254066706e-05
1.298454275456606465e-04 8.855346823111176491e-05
1.282197817090491353e-04 9.519205923425033689e-05
1.323312697422807213e-04 1.053817686624825001e-04
1.322310943578486439e-04 9.922106983140110970e-05
1.314237724727718160e-04 8.872828038875013590e-05
1.293694407650036792e-04 8.951210475061088800e-05
1.300046584219671732e-04 9.777876402949914336e-05
1.317135886893083916e-04 8.686466026119887829e-05
1.290166692342609167e-04 9.196039900416508317e-05
1.283002110540110206e-04 9.904440958052873611e-05
1.289852718400652412e-04 9.137283632298931479e-05
1.298319868510588895e-04 1.181169791379943490e-04
1.311199904193927014e-04 9.183721704175695777e-05
1.290704784878471455e-04 9.013166709337383509e-05
1.289940530114108588e-04 9.015751129481941462e-05
1.285358037421247099e-04 9.211640281137079000e-05
1.337582131782255493e-04 9.118266461882740259e-05
1.292517026740824804e-04 9.029419015860185027e-05
1.312890202825656215e-04 1.070138096110895276e-04
1.369225399685092379e-04 1.011828571790829301e-04
1.283405194044462459e-04 9.092442633118480444e-05
1.277659142942866365e-04 9.034558752318844199e-05
1.321127331721072659e-04 1.207998575409874320e-04
1.319032706305733990e-04 1.062306328094564378e-04
1.355264697849634158e-04 8.871790487319231033e-05
1.276365521334810074e-04 8.618698484497144818e-05
1.289321314288827017e-04 9.729932935442775488e-05
1.283314521970169207e-04 9.393586515216156840e-05
1.320178834248508847e-04 9.352590132039040327e-05
1.286960710785933716e-04 8.479301322950050235e-05
1.317140106039005223e-04 9.549935930408537388e-05
1.266599325390416143e-04 9.097607107833027840e-05
1.310021142671757898e-04 1.004306614049710333e-04
1.291054290049942265e-04 9.224754467140883207e-05
1.253257305506849661e-04 8.857754437485709786e-05
1.271861028726561926e-04 8.982016879599541426e-05
1.297815046200412380e-04 8.272110426332801580e-05
1.278484721296990648e-04 8.956994861364364624e-05
1.286954023271391742e-04 8.740709017729386687e-05
1.281683012166467961e-04 8.734727452974766493e-05
1.264108474060776589e-04 8.464140410069376230e-05
1.264075319340918105e-04 8.738067845115438104e-05
1.267788051336538101e-04 9.117420995607972145e-05
1.281984199522412436e-04 8.619700383860617876e-05
1.262348418094916323e-04 8.748267282499000430e-05
1.269668056011141689e-04 8.701464685145765543e-05
1.270145823582424674e-04 9.488221985520794988e-05
1.295172775826358594e-04 9.353390487376600504e-05
1.273865925213612973e-04 8.997225086204707623e-05
1.261475463252281770e-04 9.628137922845780849e-05
1.325067757534270532e-04 8.685957436682656407e-05
1.281751890019222520e-04 8.441689715255051851e-05
1.275997641641879508e-04 9.673449676483869553e-05
1.267661982637946494e-04 1.072037048288621008e-04
1.286646990592998810e-04 8.952414646046236157e-05
1.255190815754758551e-04 8.887486183084547520e-05
1.274453259611618814e-04 8.713081479072570801e-05
1.273545402909803724e-04 8.368404087377712131e-05
1.247673593752551878e-04 8.625016926089301705e-05
1.274881663448468425e-04 8.490042091580107808e-05
1.238403036950330770e-04 9.340969700133427978e-05
1.252674461284186637e-04 8.586989133618772030e-05
1.252616044439491762e-04 9.873664384940639138e-05
1.250745016477594672e-04 8.785973477642983198e-05
1.260611619727569686e-04 8.449652523268014193e-05
1.250643266757833826e-04 8.553866064175963402e-05
1.266731251234887168e-04 8.372591400984674692e-05
1.298173116083489677e-04 9.416529792360961437e-05
1.267164120690722484e-04 9.787480667000636458e-05
1.246787421223416350e-04 8.838169742375612259e-05
1.268950791200040840e-04 1.033057124004699290e-04
1.279502882425731405e-04 9.490438969805836678e-05
1.285353077037143575e-04 8.620703738415613770e-05
1.254796797184099032e-04 8.388780406676232815e-05
1.244102344571729245e-04 8.925612928578630090e-05
1.247088206582702751e-04 9.691047307569533587e-05
1.228736616212699920e-04 9.308593871537595987e-05
1.261189992874278579e-04 9.386774036101996899e-05
1.258435568161075935e-04 9.070538362720981240e-05
1.248579687853634823e-04 9.133129788096994162e-05
1.249469815775228144e-04 8.442792750429362059e-05
1.248245325768948533e-04 8.386238187085837126e-05
1.248245043825590983e-04 8.874847117112949491e-05
1.269117007723252646e-04 8.762776997173205018e-05
1.242989415914053043e-04 8.425419946433976293e-05
1.263700158233405199e-04 9.101010800804942846e-05
1.245635353370744269e-04 8.759690535953268409e-05
1.247085272552794885e-04 8.632700337329879403e-05
1.254496115507208688e-04 8.578079723520204425e-05
1.261649469597614262e-04 8.438103395747020841e-05
1.235475740031688366e-04 8.262175833806395531e-05
1.239954928678343895e-04 8.315649029100313783e-05
1.271249164346954894e-04 8.214833360398188233e-05
1.239687450834025986e-04 8.678347512613981962e-05
1.262314663108554669e-04 8.845433330861851573e-05
1.245585272954485791e-04 8.439393423032015562e-05
1.243723439984023625e-04 8.707340748514980078e-05
1.260693071344576256e-04 8.335231541423127055e-05
1.243762649210111704e-04 8.444367267657071352e-05
1.238158343767281567e-04 1.046407269313931465e-04
1.260435678887006361e-04 8.302946662297472358e-05
1.237596372448024232e-04 8.832910680212080479e-05
1.230119512001692675e-04 9.066165512194857001e-05
1.234347768331645111e-04 8.509714098181575537e-05
1.223296491843939185e-04 8.549178892280906439e-05
1.233620263519696946e-04 9.114553540712222457e-05
1.242279472535301466e-04 8.960042760008946061e-05
1.234787871908338383e-04 1.022167853079736233e-04
1.241114982803992461e-04 8.762216748436912894e-05
1.225896939104131943e-04 8.778713527135550976e-05
1.232499173966061898e-04 8.916029764804989100e-05
1.262981710169697126e-04 9.663336822995916009e-05
1.233975133800413568e-04 8.585899922763928771e-05
1.248743371434102192e-04 8.312128193210810423e-05
1.222320285705791212e-04 8.286813681479543447e-05
1.214778015310002929e-04 8.976621029432862997e-05
1.243120687831833439e-04 8.086023444775491953e-05
1.238969917721988113e-04 9.292678441852331161e-05
1.239674822500091869e-04 8.487243030685931444e-05
1.240855955074948670e-04 9.215463069267570972e-05
1.249739179911557585e-04 8.338625775650143623e-05
1.233407794643426206e-04 8.676362631376832724e-05
1.222224964294582605e-04 9.480435255682095885e-05
1.238354610904934870e-04 9.283974941354244947e-05
1.231411598382692264e-04 8.528236503480002284e-05
1.230443296662997346e-04 9.277147182729095221e-05
1.231584722518164307e-04 8.498876559315249324e-05
1.243737075128592497e-04 8.450136374449357390e-05
1.212162780575454262e-04 8.605064067523926497e-05
1.221006701598525924e-04 8.652721589896827936e-05
1.217203966007218750e-04 8.440329111181199551e-05
1.231504536917782497e-04 8.657519356347620487e-05
1.236600037373136729e-04 8.434324990957975388e-05
1.230344331816013491e-04 8.376206096727401018e-05
1.214711006468860378e-04 9.204798698192462325e-05
1.223213087541808017e-04 8.025014540180563927e-05
1.227408569320687147e-04 8.447915024589747190e-05
1.232219708072079703e-04 9.058224532054737210e-05
1.226245807629311511e-04 8.637292921775951982e-05
1.219668375597393552e-04 8.300338231492787600e-05
1.218640786646574270e-04 8.303375943796709180e-05
1.223832975483673982e-04 8.081988198682665825e-05
1.208588765621243456e-04 8.089470065897330642e-05
1.235126561368815547e-04 8.824528049444779754e-05
1.215938036693842150e-04 8.127644105115905404e-05
1.236241936567239518e-04 8.818604692351073027e-05
1.213040365655615487e-04 8.538740075891837478e-05
1.241176272742450291e-04 9.292160393670201302e-05
1.238565719177131541e-04 8.183663885574787855e-05
1.222321364366507732e-04 8.553663792554289103e-05
1.199389995235833285e-04 8.649093069834634662e-05
1.211737777339294499e-04 8.802946831565350294e-05
1.217438491039501996e-04 8.882829570211470127e-05
1.225097305905365028e-04 7.912317960290238261e-05
1.208988982398295829e-04 8.211409294744953513e-05
1.204355949084856547e-04 8.486460865242406726e-05
1.216403916259878315e-04 8.539482951164245605e-05
1.209494788781739826e-04 8.189597429009154439e-05
1.214993577377754209e-04 8.247687219409272075e-05
1.225172281920094974e-04 8.309646364068612456e-05
1.222328700350772178e-04 8.647138747619464993e-05
1.203523387630411944e-04 8.418724610237404704e-05
1.205736406518553904e-04 8.518775575794279575e-05
1.222102170686412029e-04 8.752820576773956418e-05
1.222658084770955557e-04 8.236478606704622507e-05
1.232435436577361651e-04 8.569837518734857440e-05
1.204990281621576233e-04 8.243960473919287324e-05
1.209148176712915301e-04 8.681802864884957671e-05
1.202479974381276461e-04 8.380635699722915888e-05
1.213156732774223255e-04 8.944302680902183056e-05
1.218495970988442369e-04 8.377020276384428144e-05
1.219401115122309420e-04 8.377363701583817601e-05
1.250294575584121103e-04 8.519466064171865582e-05
1.204546110784576740e-04 8.039727981667965651e-05
1.215929502905055442e-04 8.616864943178370595e-05
1.227654775902919883e-04 8.165718463715165854e-05
1.197634698655747370e-04 7.957679918035864830e-05
1.195140997879207188e-04 8.145717583829537034e-05
1.203280968184117174e-04 8.163575694197788835e-05
1.202036890390445451e-04 8.751192217459902167e-05
1.206600953082670431e-04 8.118624828057363629e-05
1.215936920743843048e-04 7.870791159803047776e-05
1.209544091580028153e-04 8.680950850248336792e-05
1.216812237544218132e-04 8.881816756911575794e-05
1.211913335282588432e-04 1.012329448712989688e-04
1.211307071571354754e-04 8.959280239650979638e-05
1.207228214298083967e-04 8.788852574070915580e-05
1.203379661092185415e-04 9.054192196344956756e-05
1.208582805702462765e-04 8.260412141680717468e-05
1.199882376567984466e-04 7.945618563098832965e-05
1.199629190523410270e-04 8.410089503740891814e-05
1.213215321513416684e-04 8.888477896107360721e-05
1.196739915940270266e-04 8.307434472953900695e-05
1.209646549796161735e-04 8.360976062249392271e-05
1.202423063659807667e-04 8.145305037032812834e-05
1.215643938849097995e-04 8.220041490858420730e-05
1.201369651425920838e-04 8.019265806069597602e-05
1.205295795443817069e-04 8.551266364520415664e-05
1.214401548168098061e-04 8.316886669490486383e-05
1.198762376589002115e-04 8.071896445471793413e-05
1.201609308736806297e-04 8.130768401315435767e-05
1.192159604215703466e-04 8.488449384458363056e-05
1.189554363008937853e-04 8.047941082622855902e-05
1.197741934447549338e-04 7.943781383801251650e-05
1.196943711875064818e-04 8.453922782791778445e-05
1.205195932016067618e-04 8.188583888113498688e-05
1.197159416733484304e-04 8.105193410301581025e-05
1.216587713315675528e-04 7.990469748619943857e-05
1.197467670863261419e-04 8.278402674477547407e-05
1.203201616590376916e-04 8.087919559329748154e-05
1.192300471302587566e-04 8.372079173568636179e-05
1.214206233271397677e-04 8.130565402098000050e-05
1.200727399918832789e-04 8.147481275955215096e-05
1.208828140079276582e-04 8.403091487707570195e-05
1.186804595818102798e-04 8.524885197402909398e-05
1.195659770928614253e-04 8.152714872267097235e-05
1.189775282000482575e-04 7.918242044979706407e-05
1.208856818266212913e-04 8.213323599193245173e-05
1.187535544886486605e-04 7.938218914205208421e-05
1.187988443234644392e-04 8.263355994131416082e-05
1.191719177768391064e-04 8.200282172765582800e-05
1.186995142234081814e-04 7.912788714747875929e-05
1.195532674501009778e-04 9.057279385160654783e-05
1.209752589602430871e-04 8.528174657840281725e-05
1.205027558171423179e-04 8.457220246782526374e-05
1.191679813928203684e-04 8.246763900388032198e-05
1.204541589686414281e-04 8.024126145755872130e-05
1.185231510135054150e-04 8.029009040910750628e-05
1.188283445117122028e-04 8.459265518467873335e-05
1.188269470731029287e-04 8.354867895832285285e-05
1.200690492623834844e-04 8.130671631079167128e-05
1.183191624477331115e-04 8.041564433369785547e-05
1.192476677715603701e-04 8.453415648546069860e-05
1.186257950394065119e-04 8.048182644415646791e-05
1.205348758958280032e-04 8.446739229839295149e-05
1.190236002912570257e-04 8.063594577834010124e-05
1.192530819025705596e-04 8.051207987591624260e-05
1.197869750285462996e-04 8.153305680025368929e-05
1.189094729852513437e-04 8.144453749991953373e-05
1.199196875859343035e-04 8.835749758873134851e-05
1.187536948236811413e-04 8.251429244410246611e-05
1.186677200166741386e-04 8.045477443374693394e-05
1.197782202325470334e-04 8.584235911257565022e-05
1.190934418445976862e-04 8.501476258970797062e-05
1.213055432344845003e-04 8.757183968555182219e-05
1.183038876661157647e-04 8.128094486892223358e-05
1.182727014565898571e-04 8.020250243134796619e-05
1.196180033730342930e-04 8.576242544222623110e-05
1.183282990496081793e-04 8.541508577764034271e-05
1.205356147693237290e-04 8.248077938333153725e-05
1.181971879304910544e-04 8.142094884533435106e-05
1.184303038826328729e-04 8.009161683730781078e-05
1.184555606414505719e-04 8.674781565787270665e-05
1.193376342598639894e-04 8.357318438356742263e-05
1.187171187666535843e-04 8.533387881470844150e-05
1.181877247290685719e-04 8.034230268094688654e-05
1.193982744553068133e-04 8.327620162162929773e-05
1.189320617413613918e-04 8.371839794563129544e-05
1.185949999126023667e-04 8.006816642591729760e-05
1.183232891889929279e-04 8.034631900954991579e-05
1.199524815092445378e-04 8.670033275848254561e-05
1.178135199552343638e-04 8.106714813038706779e-05
1.182809093734249500e-04 7.982773240655660629e-05
1.184156343697395696e-04 8.523163705831393600e-05
1.192533193716371871e-04 8.116503886412829161e-05
1.187043348181759993e-04 8.117216930259019136e-05
1.198420362925389836e-04 8.089718176051974297e-05
1.181323390483157763e-04 8.398936915909871459e-05
1.185001367957738667e-04 8.066444570431485772e-05
1.186683990454184769e-04 8.140167483361437917e-05
1.180447220576752443e-04 8.115193486446514726e-05
1.185255456221057048e-04 7.948114216560497880e-05
1.185333201647154028e-04 8.272928971564397216e-05
1.174260773950663861e-04 7.876295421738177538e-05
1.176868893708160586e-04 8.322987559949979186e-05
1.188126082524831845e-04 8.183495083358138800e-05
1.180989645945373895e-04 8.888400043360888958e-05
1.181058950351143776e-04 7.910392741905525327e-05
1.175342692476988332e-04 8.902966510504484177e-05
1.176854533696314374e-04 8.493613131577149034e-05
1.181108539640263162e-04 7.990055746631696820e-05
1.174749163510568906e-04 7.884966908022761345e-05
1.173700670733524021e-04 7.845555956009775400e-05
1.182902146865671966e-04 8.227482612710446119e-05
1.174592697680054752e-04 8.228209480876103044e-05
1.176453953121381292e-04 8.816402987577021122e-05
1.180398049655195737e-04 7.998588989721611142e-05
1.184083245789224775e-04 8.315571176353842020e-05
1.179265019345621059e-04 8.125102613121271133e-05
1.175575393972394522e-04 8.206556958612054586e-05
1.177371925223269527e-04 8.106820314424112439e-05
1.169028836557117811e-04 7.981917588040232658e-05
1.178226747470034806e-04 8.013837941689416766e-05
1.175894034531666020e-04 8.508461905876174569e-05
1.170580317193525843e-04 8.395445911446586251e-05
1.179477228106407010e-04 7.925028330646455288e-05
1.175654942926485091e-04 7.935575558803975582e-05
1.173509687760088154e-04 8.615290425950661302e-05
1.178101658297237036e-04 8.199246076401323080e-05
1.177643771370640025e-04 8.008388977032154799e-05
1.176082321762805778e-04 8.107286703307181597e-05
1.170596851807204075e-04 8.185919432435184717e-05
1.178872948003117981e-04 7.873675349401310086e-05
1.167082804386154803e-04 8.057318336796015501e-05
1.179911323561100289e-04 8.004879782674834132e-05
1.171209826679842054e-04 7.914339948911219835e-05
1.191252311400603476e-04 8.057446393650025129e-05
1.180584336907486377e-04 7.999645458767190576e-05
1.172275071439798948e-04 7.809700036887079477e-05
1.167484273537411409e-04 7.926156831672415137e-05
1.164438789601263179e-04 7.987041317392140627e-05
1.176568901428254294e-04 8.691225957591086626e-05
1.168708151453756754e-04 8.069036266533657908e-05
1.180426164864911752e-04 8.325897215399891138e-05
1.180287129500356941e-04 8.088529284577816725e-05
1.171882816379365950e-04 7.926653779577463865e-05
1.173027215372712790e-04 8.446611900581046939e-05
1.164902519121824298e-04 7.839991303626447916e-05
1.173464487692399470e-04 8.088751928880810738e-05
1.168366759884520407e-04 8.241903560701757669e-05
1.178726724901935086e-04 8.201261516660451889e-05
1.169495626527350396e-04 7.937640475574880838e-05
1.172010135633172494e-04 8.166339102899655700e-05
1.170994098174560377e-04 7.874922448536381125e-05
1.174546103356988142e-04 8.636838902020826936e-05
1.174372528112144209e-04 7.781694148434326053e-05
1.175056265310558983e-04 8.009726298041641712e-05
1.164007610896078377e-04 8.060743130045011640e-05
1.173904382994805983e-04 7.799609011271968484e-05
1.163665598141960745e-04 7.871429261285811663e-05
1.161546933872159570e-04 7.965671829879283905e-05
1.161793254141230163e-04 7.969097350724041462e-05
1.167724299193650950e-04 8.498838724335655570e-05
1.163651026217849048e-04 8.231772517319768667e-05
1.172183042399410624e-04 7.997007196536287665e-05
1.161526299256365773e-04 8.095314842648804188e-05
1.170443202681781204e-04 8.217178401537239552e-05
1.172980038973037181e-04 8.346191316377371550e-05
1.166978172477683984e-04 7.804603956174105406e-05
1.165273567494296030e-04 7.910489512141793966e-05
1.166646853562269771e-04 8.322006033267825842e-05
1.173964083136525005e-04 7.910341082606464624e-05
1.169544654658238896e-04 8.831657032715156674e-05
1.166006575658684569e-04 7.956539775477722287e-05
1.171483581856591627e-04 7.803563494235277176e-05
1.161010193754918846e-04 7.911078137112781405e-05
1.167318946500017773e-04 8.050310134422034025e-05
1.162803308034199263e-04 8.429000445175915956e-05
1.173506131635804222e-04 7.996799104148522019e-05
1.168576689451583634e-04 7.803878543199971318e-05
1.163151537184603512e-04 7.940492650959640741e-05
1.159698380433837937e-04 8.038992382353171706e-05
1.171884789982868797e-04 8.003007678780704737e-05
1.165859835055016447e-04 7.779012958053499460e-05
1.158936045612790595e-04 8.406034612562507391e-05
1.162256641691783470e-04 7.987480785232037306e-05
1.166308605206722832e-04 8.398303180001676083e-05
1.162505287538806388e-04 8.273893035948276520e-05
1.168742425761593067e-04 7.813033880665898323e-05
1.160839639851474230e-04 7.849542453186586499e-05
1.164238335150002995e-04 8.104983135126531124e-05
1.172367803519591716e-04 8.037440420594066381e-05
1.176661644421983510e-04 8.072031778283417225e-05
1.164512116702098838e-04 7.822480984032154083e-05
1.167774910754815183e-04 7.969233411131426692e-05
1.159629124231287224e-04 7.738047133898362517e-05
1.156454120973648942e-04 7.952316082082688808e-05
1.162513591225433575e-04 8.003044786164537072e-05
1.161093377049837781e-04 7.961063238326460123e-05
1.160343160336196915e-04 7.980955706443637609e-05
1.158446722001826802e-04 7.913098670542240143e-05
1.166856041891151054e-04 8.093423821264877915e-05
1.164050507213687497e-04 7.842581544537097216e-05
1.159043066763842998e-04 7.797103171469643712e-05
1.158940214736503576e-04 7.913942681625485420e-05
1.156362844994873794e-04 8.154935494530946016e-05
1.166171477052557802e-04 8.159696153597906232e-05
1.168518681879504557e-04 7.778898725518956780e-05
1.158975204816670211e-04 7.830640242900699377e-05
1.159282431217434323e-04 7.898954208940267563e-05
1.155957504124671714e-04 7.974877371452748775e-05
1.157810809672810110e-04 7.824997010175138712e-05
1.161899122962495258e-04 7.918909977888688445e-05
1.160460600658552775e-04 7.889409607741981745e-05
1.164850076747825423e-04 7.841206388548016548e-05
1.157801581939565976e-04 8.015822095330804586e-05
1.161055752163520083e-04 8.031643665162846446e-05
1.162359375484811662e-04 7.799114246154204011e-05
1.159655418632610262e-04 8.344043453689664602e-05
1.161210648206179030e-04 7.925629324745386839e-05
1.160544070444302633e-04 7.868154352763667703e-05
1.155529716015735230e-04 7.998387445695698261e-05
1.162588659099128617e-04 7.897383329691365361e-05
1.156992778305720976e-04 7.950806320877745748e-05
1.153594585957762265e-04 7.785919297020882368e-05
1.156573258413118256e-04 7.840795296942815185e-05
1.158607506113185082e-04 8.167308260453864932e-05
1.157678403615136577e-04 7.951176667120307684e-05
1.155778389147599201e-04 8.140993304550647736e-05
1.165387269793427604e-04 7.793064287398010492e-05
1.153333913862297831e-04 7.837386510800570250e-05
1.159806746727554182e-04 8.266678923973813653e-05
1.165187364676967209e-04 8.035200880840420723e-05
1.166493449090921731e-04 7.962275412864983082e-05
1.159492775514081640e-04 8.752979192649945617e-05
1.163565115348319577e-04 7.961883966345340014e-05
1.155629061031504534e-04 8.219428127631545067e-05
1.156166794316959622e-04 7.963940879562869668e-05
1.155729647507541759e-04 7.778569124639034271e-05
1.161903708634781624e-04 7.871494017308577895e-05
1.154231242253445116e-04 7.878409087425097823e-05
1.152744786850234986e-04 8.004284609341993928e-05
1.153593566414201632e-04 8.058936509769409895e-05
1.154716247583564782e-04 7.978882786119356751e-05
1.160137632723490269e-04 7.948851271066814661e-05
1.150481428339844542e-04 7.987826393218711019e-05
1.158464466243458392e-04 7.840816397219896317e-05
1.157283346401527470e-04 7.812224066583439708e-05
1.153288373643590630e-04 8.228280057664960623e-05
1.151452464910107719e-04 8.048432937357574701e-05
1.153488100499089396e-04 7.907490362413227558e-05
1.151284345723979641e-04 7.718582492088899016e-05
1.155969549472501913e-04 7.828641537344083190e-05
1.149983655523101279e-04 7.800964522175490856e-05
1.157949269327218590e-04 7.923934026621282101e-05
1.150957208665204289e-04 7.758564606774598360e-05
1.155982951786427320e-04 7.966656994540244341e-05
1.155881675913406043e-04 7.938709313748404384e-05
1.162885189842199880e-04 8.042861009016633034e-05
1.152907235336897375e-04 7.740041473880410194e-05
1.150599059656087775e-04 7.817895675543695688e-05
1.154766603576717871e-04 8.038406667765229940e-05
1.152623648522421772e-04 8.112037176033481956e-05
1.155700684648763800e-04 7.872721471358090639e-05
1.152593116785283255e-04 7.776307757012546062e-05
1.153198906649777227e-04 8.049406460486352444e-05
1.151059953372168793e-04 7.880946213845163584e-05
1.151665593170036973e-04 7.932198059279471636e-05
1.151698117610067156e-04 7.719301356701180339e-05
1.154083886831358514e-04 8.121783321257680655e-05
1.158654305982054238e-04 7.811735849827528000e-05
1.157285526460327647e-04 7.765677582938224077e-05
1.151027418927696945e-04 7.866867235861718655e-05
1.158348200988257250e-04 7.880553312133997679e-05
1.149254076153738424e-04 7.714339153608307242e-05
1.151366469457570875e-04 7.972151797730475664e-05
1.153891024841868838e-04 7.864290091674774885e-05
1.156910731879179393e-04 8.040515240281820297e-05
1.150163168858853142e-04 8.007039286894723773e-05
1.149908831393986421e-04 7.947541598696261644e-05
1.149688889199751456e-04 7.719961286056786776e-05
1.149503956185071675e-04 7.978205394465476274e-05
1.150848449469776851e-04 8.143451850628480315e-05
1.149406385593465475e-04 7.947666017571464181e-05
1.160213853836466997e-04 7.853390707168728113e-05
1.150812096057052204e-04 7.924784586066380143e-05
1.148987396845768644e-04 7.800965977367013693e-05
1.150467776824370931e-04 8.035117207327857614e-05
1.146970275840430986e-04 8.005685958778485656e-05
1.150590786892280502e-04 8.000149682629853487e-05
1.152198472482268671e-04 8.361890650121495128e-05
1.150139695710095165e-04 7.813842967152595520e-05
1.150110851995123085e-04 7.763024041196331382e-05
1.146626469562761431e-04 7.971879676915705204e-05
1.153135112872405443e-04 8.036008512135595083e-05
1.148443430793122334e-04 7.870326226111501455e-05
1.149348397120775216e-04 7.817214645911008120e-05
1.151516334175539723e-04 7.746330084046348929e-05
1.150618254541768692e-04 7.903219375293701887e-05
1.152243976321187802e-04 7.837756129447370768e-05
1.152241020463407040e-04 8.211445674533024430e-05
1.147800056060077595e-04 7.858566095819696784e-05
1.148041024862322902e-04 8.021749090403318405e-05
1.147955284977797473e-04 7.762717723380774260e-05
1.148134645518439329e-04 8.037134830374270678e-05
1.147265408690145732e-04 7.852965791244059801e-05
1.148639416896912735e-04 7.732949597993865609e-05
1.147912958003871609e-04 7.918967457953840494e-05
1.150485386460786685e-04 7.853251736378297210e-05
1.148275303421542021e-04 7.894106965977698565e-05
1.146188211350818110e-04 7.900664058979600668e-05
1.152951987933192895e-04 7.803222979418933392e-05
1.149200553300033735e-04 7.878663018345832825e-05
1.149357447502552505e-04 8.122484723571687937e-05
1.151267359091434601e-04 7.814622949808835983e-05
1.152019213805033305e-04 7.938137423479929566e-05
1.151638277406164006e-04 7.985027332324534655e-05
1.148330425166932400e-04 8.060832624323666096e-05
1.151606317762343706e-04 7.934628229122608900e-05
1.145637314948544426e-04 7.750846998533234000e-05
1.146478462032973766e-04 7.828100933693349361e-05
1.148364485743513796e-04 7.761472807032987475e-05
1.147468552517238950e-04 7.856563752284273505e-05
1.147928828686417546e-04 7.779677980579435825e-05
1.145545611507259309e-04 8.167298801708966494e-05
1.145951788203092238e-04 7.877899042796343565e-05
1.150086939560424044e-04 7.740536966593936086e-05
