2.113364777527749483e-01 1.990292072296142578e-01
2.113555094227194675e-01 1.990091204643249512e-01
2.113118728622794262e-01 1.989253461360931396e-01
2.047674261033534948e-01 1.512997150421142578e-01
3.234535839292220633e-02 9.053704328835010529e-03
7.275241237948648632e-03 5.855240859091281891e-03
5.437826871639117425e-03 4.042985383421182632e-03
4.272156144725158984e-03 3.155685262754559517e-03
3.303882412728853437e-03 2.818058943375945091e-03
2.839192602550610900e-03 2.016219077631831169e-03
3.125435861875303090e-03 3.557412419468164444e-03
2.779390059004072100e-03 1.647174940444529057e-03
2.446892826992552554e-03 1.517402939498424530e-03
2.435433919890783640e-03 1.722409389913082123e-03
2.016580129566136921e-03 1.546366373077034950e-03
1.862947177869500592e-03 1.853639958426356316e-03
1.796666528389323546e-03 1.120142638683319092e-03
1.661049304675543637e-03 1.107390737161040306e-03
1.589165499899536284e-03 3.482221160084009171e-03
1.388463727198541121e-03 1.352193532511591911e-03
1.104550943273352372e-03 8.693022537045180798e-04
1.231461093993857503e-03 8.636671118438243866e-04
1.132269642403116363e-03 8.001931710168719292e-04
9.218690611305646598e-04 6.789291510358452797e-04
9.575423911883263351e-04 1.231371425092220306e-03
1.054006173217203511e-03 7.032024441286921501e-04
9.674202399764908044e-04 8.472820627503097057e-04
9.758441272424533530e-04 6.076893769204616547e-04
9.940432475559646697e-04 8.926764130592346191e-04
8.476329847326268940e-04 8.719707839190959930e-04
1.594064685195917220e-03 1.011459971778094769e-03
8.436866693955380903e-04 7.103924872353672981e-04
7.625138568982947618e-04 7.810355746187269688e-04
7.847122800740180320e-04 1.242953352630138397e-03
7.541018283518496467e-04 7.364669581875205040e-04
9.301810972829116292e-04 7.012670976109802723e-04
1.057368292458704759e-03 7.952955784276127815e-04
8.384542215935653076e-04 5.722957430407404900e-04
6.389693360688397227e-04 4.787133657373487949e-04
6.907848528499016538e-04 5.323684890754520893e-04
9.112540556088788435e-04 8.017765358090400696e-04
7.952542098792036562e-04 7.892395369708538055e-04
7.212426891783252792e-04 5.669620586559176445e-04
6.092090741731226011e-04 4.371494869701564312e-04
6.791724314098246612e-04 5.073946085758507252e-04
8.411299346334999644e-04 4.581211542245000601e-04
7.709488676482578523e-04 4.734889662358909845e-04
7.540497463196516037e-04 8.399218204431235790e-04
7.782615422911476778e-04 4.632317577488720417e-04
8.735689443710725754e-04 4.833691637031733990e-04
6.763679310097358687e-04 5.146409966982901096e-04
8.876292638888116492e-04 4.198520327918231487e-04
7.036216360575053624e-04 6.498293951153755188e-04
6.314843354630284228e-04 3.837695112451910973e-04
5.837924272782402113e-04 5.169248906895518303e-04
6.116768556239549504e-04 3.653371823020279408e-04
6.484023673692717931e-04 8.440270903520286083e-04
6.332804543490056382e-04 4.605083377100527287e-04
7.324075773794902705e-04 5.579481367021799088e-04
5.972647933958797218e-04 4.418541211634874344e-04
5.874310641956981488e-04 4.808324738405644894e-04
6.162378558656200767e-04 2.973634400404989719e-04
5.872002140677068816e-04 5.108175100758671761e-04
6.496872716525104114e-04 5.606279009953141212e-04
6.252965147723443372e-04 4.729157371912151575e-04
5.948212903604144664e-04 3.776104131247848272e-04
7.188458883319980963e-04 3.188166592735797167e-04
7.415774827677524151e-04 5.121335852891206741e-04
6.417569566110614687e-04 8.398526115342974663e-04
5.568754713749513030e-04 3.289115265943109989e-04
5.897016599192284048e-04 4.702900187112390995e-04
5.247355991741641922e-04 3.064033226110041142e-04
4.807496119610732204e-04 2.839437802322208881e-04
5.789067363366484642e-04 3.232202143408358097e-04
6.438062700908631086e-04 4.903125227428972721e-04
7.981985243532107709e-04 4.810509271919727325e-04
4.998401775083039390e-04 5.994316888973116875e-04
5.794005348434439363e-04 3.248809953220188618e-04
5.473238652484724298e-04 3.278183867223560810e-04
6.188142277096630572e-04 4.339482984505593777e-04
4.999608641810482585e-04 3.477247955743223429e-04
4.859595796006032980e-04 5.806685076095163822e-04
5.350624185666674314e-04 4.440538468770682812e-04
5.387581546528963589e-04 3.380942216608673334e-04
4.127561620407505178e-04 3.307040315121412277e-04
4.997329053367139274e-04 3.572212590370327234e-04
5.522415238374378098e-04 2.587283088359981775e-04
4.741760509205050983e-04 2.520814305171370506e-04
4.225134754960890751e-04 2.520489215385168791e-04
3.854760740068741360e-04 2.314358425792306662e-04
4.388456649394356429e-04 4.365053900983184576e-04
4.737065095469006120e-04 2.768324047792702913e-04
6.606448187085334212e-04 2.773896558210253716e-04
6.667111600108909918e-04 2.697672171052545309e-04
4.491531133680837337e-04 2.623352629598230124e-04
3.966847412812058099e-04 2.119939599651843309e-04
3.434518159338040169e-04 2.753572189249098301e-04
4.101007840290549428e-04 3.772816271521151066e-04
3.674316280012135177e-04 2.134871028829365969e-04
3.680351266666548218e-04 2.820290974341332912e-04
4.828383789572399110e-04 2.139034622814506292e-04
3.660786020191153728e-04 3.198008926119655371e-04
4.406744012158014703e-04 3.705182461999356747e-04
4.839562323468271751e-04 3.138929023407399654e-04
4.285057864763075594e-04 2.700084296520799398e-04
5.243329045697464391e-04 5.970125785097479820e-04
4.230826103594154336e-04 2.242343762191012502e-04
3.744382693184888922e-04 2.337515761610120535e-04
3.260503228375455256e-04 2.173964603571221232e-04
3.502881709209759720e-04 4.329572548158466816e-04
4.105272295419126532e-04 2.622359897941350937e-04
3.747006559933652062e-04 3.857734263874590397e-04
4.316256330639589361e-04 2.675342257134616375e-04
3.329872852191329002e-04 2.979630953632295132e-04
4.242755276209209114e-04 2.528156910557299852e-04
3.564505197573453080e-04 4.238566034473478794e-04
3.311912467324873541e-04 2.174924593418836594e-04
3.462106118604424193e-04 2.086601016344502568e-04
3.056343677599215772e-04 2.120414574164897203e-04
3.692207297717686959e-04 2.198039728682488203e-04
4.403641332828556187e-04 5.796285113319754601e-04
3.647914090834092349e-04 4.086560220457613468e-04
3.845275427011074281e-04 2.080149279208853841e-04
3.024862900929292556e-04 1.861556520452722907e-04
2.967398120745201704e-04 1.922496594488620758e-04
3.199382781531312503e-04 1.774249540176242590e-04
3.594672021790757061e-04 6.984493811614811420e-04
4.742108767459285446e-04 2.371896553086116910e-04
4.135105016757734228e-04 3.782720305025577545e-04
3.044099285034462810e-04 2.725548692978918552e-04
2.953128112494596389e-04 1.943020761245861650e-04
3.452597718933248070e-04 1.754749246174469590e-04
2.778618156298762079e-04 1.494942407589405775e-04
3.037459440747624978e-04 2.202078758273273706e-04
3.317514669106458097e-04 1.625828153919428587e-04
3.659488629637053236e-04 2.591472002677619457e-04
2.947353374111117081e-04 2.513339277356863022e-04
3.288006444563507211e-04 1.657384127611294389e-04
3.139569824270438511e-04 1.891308493213728070e-04
3.000907077876036272e-04 4.573093610815703869e-04
3.112048825641977601e-04 2.547295298427343369e-04
3.494365868391468904e-04 1.795466814655810595e-04
3.088769324676832293e-04 1.666222087806090713e-04
2.854054821000317935e-04 1.690398494247347116e-04
2.929613679953036115e-04 1.902679505292326212e-04
3.349484690261306024e-04 2.088403125526383519e-04
3.149410607875324569e-04 1.650853373575955629e-04
2.698250333196483769e-04 2.061198028968647122e-04
2.971204350615152981e-04 3.582776407711207867e-04
3.696918656714842655e-04 1.876291644293814898e-04
3.227736555345472663e-04 1.865194935817271471e-04
2.622793250338873111e-04 4.417778109200298786e-04
2.969360630231676623e-04 2.479092800058424473e-04
3.015485523064853840e-04 2.120277349604293704e-04
3.093596576945856322e-04 1.859955955296754837e-04
3.093425986662623364e-04 1.455673773307353258e-04
2.842802357918117304e-04 2.440403623040765524e-04
3.030079087693593465e-04 2.216432476416230202e-04
3.155761076413910013e-04 2.688307722564786673e-04
2.857632713130442642e-04 1.435246376786381006e-04
2.742800827036262381e-04 1.684027665760368109e-04
2.958186536488937928e-04 1.708081108517944813e-04
2.752462645730701990e-04 1.857840979937463999e-04
3.027368504262994866e-04 1.769753580447286367e-04
2.640172748215263926e-04 1.727066701278090477e-04
2.477033911418402676e-04 2.118092088494449854e-04
3.089431123953545249e-04 3.552755515556782484e-04
2.967196660392801277e-04 1.795243879314512014e-04
3.086430633629788645e-04 2.219315210822969675e-04
2.586499338576686677e-04 1.532728347228839993e-04
2.575401877038530074e-04 1.373474224237725139e-04
2.293339830430340953e-04 2.202507312176749110e-04
2.742843798841931857e-04 2.837428473867475986e-04
3.710582635903847187e-04 1.835829752963036299e-04
2.931516668468247882e-04 1.877302129287272692e-04
2.742412885709200271e-04 1.739957369863986969e-04
2.438014380459208041e-04 1.849484979175031185e-04
2.583284518550499559e-04 1.826876250561326742e-04
2.307250601006671841e-04 1.380167959723621607e-04
2.374217312535620186e-04 2.012930053751915693e-04
2.758392114628804631e-04 2.018063969444483519e-04
2.491734123395872194e-04 1.517174096079543233e-04
2.528453233026084490e-04 1.428509422112256289e-04
2.601565276563633125e-04 1.611518964637070894e-04
2.423953405013890060e-04 1.362965413136407733e-04
2.981584590088459880e-04 2.681581827346235514e-04
2.636030791109078781e-04 1.770331291481852531e-04
2.473947944963583614e-04 2.300929045304656029e-04
2.630804225191241347e-04 3.519190941005945206e-04
2.428294716082746109e-04 2.023706620093435049e-04
2.539767690905137096e-04 3.450692165642976761e-04
2.582644243375398435e-04 3.939063171856105328e-04
2.538650367569062036e-04 1.552170870127156377e-04
2.465433914039749869e-04 1.413295103702694178e-04
2.379935911449138184e-04 1.496834738645702600e-04
2.866274058760609695e-04 1.957658241735771298e-04
2.689431297767441503e-04 1.599240931682288647e-04
2.301860423358448261e-04 1.605114521225914359e-04
2.424334765237290466e-04 2.516621607355773449e-04
3.008201565535273403e-04 2.669517707545310259e-04
2.722597020692773986e-04 2.386043051956221461e-04
2.264865814140648690e-04 1.386488147545605898e-04
2.280088143379543854e-04 1.458895421819761395e-04
2.119041031619417535e-04 1.838648604461923242e-04
2.256665487948339487e-04 1.311143569182604551e-04
1.970958795936894657e-04 1.646710879867896438e-04
2.100479910950525610e-04 1.794501149561256170e-04
2.969392053273622878e-04 1.962729293154552579e-04
2.192233020650746658e-04 1.436378079233691096e-04
2.397563633167010375e-04 1.324926124652847648e-04
2.345635068195406239e-04 1.576900831423699856e-04
2.154045598217635307e-04 1.557508076075464487e-04
2.020056186665897203e-04 1.410857657901942730e-04
2.240991073449549839e-04 1.698371488600969315e-04
2.081185479255509617e-04 1.349268277408555150e-04
2.237502143543679321e-04 1.468470145482569933e-04
1.943327739354572205e-04 1.479043567087501287e-04
2.107212272676406374e-04 1.524995896033942699e-04
3.031804964848561104e-04 2.322866639588028193e-04
2.125831779267173260e-04 1.415763399563729763e-04
2.283889832142449341e-04 1.560618693474680185e-04
2.478343722032150254e-04 1.839744363678619266e-04
2.066807021037675332e-04 1.427754905307665467e-04
1.955245270437444560e-04 1.224491279572248459e-04
2.444778637254785064e-04 1.468634873162955046e-04
2.429687288895365728e-04 1.859774347394704819e-04
1.921181719808373600e-04 1.462697400711476803e-04
2.057420739220105989e-04 1.493995951022952795e-04
2.110353229909378570e-04 1.431757555110380054e-04
2.052821050710917916e-04 1.647923636483028531e-04
2.121234198057209087e-04 1.178411403088830411e-04
2.006272555263422072e-04 1.357292785542085767e-04
1.904897823806095294e-04 1.419635518686845899e-04
1.866690352471778278e-04 1.458469923818483949e-04
2.085599149722838720e-04 1.898550835903733969e-04
2.070655299576174056e-04 2.784385287668555975e-04
2.489385225089790982e-04 1.469101407565176487e-04
1.883958226244430935e-04 1.220933772856369615e-04
1.933717934662126990e-04 2.057353267446160316e-04
2.010450033594679607e-04 1.506087864981964231e-04
2.166063848562771563e-04 1.929185818880796432e-04
1.869471019745105932e-04 1.613819767953827977e-04
1.925995184137718752e-04 1.555777707835659385e-04
2.071977491141296977e-04 1.463282678741961718e-04
2.119617040079901818e-04 1.646018790779635310e-04
2.101719050187966841e-04 1.847174571594223380e-04
1.860173078966909088e-04 1.663989532971754670e-04
2.087218911583477274e-04 1.154658384621143341e-04
1.818722741518285948e-04 1.634167711017653346e-04
1.882386128272628357e-04 1.378959568683058023e-04
2.075146442621189744e-04 1.612750202184543014e-04
1.931682991198613308e-04 1.223785075126215816e-04
1.838152145865024176e-04 1.266199396923184395e-04
1.938707448061904762e-04 1.220694830408319831e-04
1.957594589839573072e-04 2.088607725454494357e-04
2.035671517660375739e-04 1.342594187008216977e-04
1.972256656699755586e-04 1.238388067577034235e-04
1.912584376441372970e-04 1.249388151336461306e-04
1.714152128442947179e-04 1.270839420612901449e-04
1.778524405381176675e-04 1.350747479591518641e-04
2.140850096111535149e-04 1.324679178651422262e-04
1.899844186482369023e-04 1.197348901769146323e-04
2.017751932726241540e-04 1.545183040434494615e-04
1.914780970764695558e-04 1.445164671167731285e-04
1.860072785348165726e-04 1.343138574156910181e-04
1.784646695341507547e-04 1.259351847693324089e-04
2.096432657708646784e-04 1.394539722241461277e-04
1.802565523576049708e-04 1.383550406899303198e-04
1.783562432137841933e-04 1.412205456290394068e-04
1.938020057423273210e-04 1.221077836817130446e-04
1.955468508640478939e-04 1.433935394743457437e-04
1.660711115619051162e-04 1.166616129921749234e-04
1.750522616930538680e-04 1.242256548721343279e-04
1.927473587784333977e-04 1.273759407922625542e-04
1.860755390225676928e-04 1.334752887487411499e-04
1.963533077287138440e-04 1.206505839945748448e-04
1.851695181358081863e-04 1.228682231158018112e-04
1.820462002797285095e-04 1.219320329255424440e-04
1.738383668453025058e-04 1.383830676786601543e-04
1.764898953297233620e-04 1.248992921318858862e-04
1.724620333334314637e-04 1.137128783739171922e-04
2.120442848536186029e-04 3.055947599932551384e-04
1.964761896488198491e-04 1.211157068610191345e-04
1.739904200803721324e-04 1.220121994265355170e-04
1.738248382025631253e-04 1.504371175542473793e-04
1.735565768285596386e-04 1.188364476547576487e-04
1.721928900224156786e-04 1.310609513893723488e-04
1.701214365311898237e-04 1.481848012190312147e-04
1.813060425774892792e-04 1.121176319429650903e-04
1.660531936977349796e-04 1.097213826142251492e-04
1.610800883099727744e-04 1.114946935558691621e-04
1.781584435775585115e-04 1.174412900581955910e-04
1.723266922454058713e-04 1.452233263989910483e-04
1.850818525781505741e-04 1.139089436037465930e-04
1.763361762641579736e-04 1.120520973927341402e-04
1.691419924100046100e-04 1.227587345056235790e-04
1.636637051888101323e-04 1.530254667159169912e-04
1.811646915484743713e-04 1.318069698754698038e-04
1.929744948938605376e-04 1.248428598046302795e-04
1.750245791299676111e-04 1.120733068091794848e-04
1.799365942133590525e-04 2.054618671536445618e-04
1.734579717776796369e-04 1.304147881455719471e-04
1.874828479230927878e-04 1.268713967874646187e-04
1.656110946896660716e-04 1.697731349850073457e-04
1.741334558573726099e-04 1.879680203273892403e-04
1.695811253739520799e-04 1.101552770705893636e-04
1.672016876000270605e-04 1.189947724924422801e-04
1.722552870887739064e-04 1.186032459372654557e-04
1.654682412663532995e-04 1.050829450832679868e-04
1.833634677495865671e-04 1.684562448645010591e-04
1.657542046814342084e-04 1.105059855035506189e-04
1.556309482111828293e-04 1.162820262834429741e-04
1.617205644834029900e-04 1.170948235085234046e-04
1.640841251173696946e-04 1.771568640833720565e-04
1.852980399235093500e-04 1.249738706974312663e-04
1.739535287015314680e-04 1.099349246942438185e-04
1.642731253014062586e-04 1.052545048878528178e-04
1.708604339000885483e-04 1.636290253372862935e-04
1.702256391581613516e-04 1.153180710389278829e-04
1.705837195913772922e-04 1.222538121510297060e-04
1.657535499361983966e-04 1.072311206371523440e-04
1.632563453313196078e-04 1.285625912714749575e-04
1.682929121670895365e-04 1.125089838751591742e-04
1.945966811945254340e-04 1.391940459143370390e-04
1.654388171118625851e-04 1.514182076789438725e-04
1.662699858570704345e-04 1.173716736957430840e-04
1.638911295231082422e-04 1.388731470797210932e-04
1.704613432593760081e-04 1.121255918405950069e-04
1.600641943696246071e-04 1.014410736388526857e-04
1.711647280899342258e-04 1.129825468524359167e-04
1.676092752859403791e-04 1.053348096320405602e-04
1.705174789094599072e-04 1.046042743837460876e-04
1.577865479703177590e-04 1.300331932725384831e-04
1.610865067959821426e-04 1.141514512710273266e-04
1.561033731377392596e-04 1.275914110010489821e-04
1.573055190419836544e-04 1.008357867249287665e-04
1.624300360163033583e-04 1.079117791960015893e-04
1.749500025653105641e-04 1.018602779367938638e-04
1.576869621203513870e-04 1.593607885297387838e-04
1.670584315434098244e-04 1.166543006547726691e-04
1.544964703498408144e-04 1.213657524203881621e-04
1.668951173087407315e-04 1.282918092329055071e-04
1.606671967238071375e-04 1.255190290976315737e-04
1.519419183750869706e-04 1.010570194921456277e-04
1.525894947917549979e-04 1.141624525189399719e-04
1.599409195478074361e-04 1.289404754061251879e-04
1.540826226118951927e-04 1.116400671890005469e-04
1.604133214641478736e-04 1.149300005636177957e-04
1.616219939023721909e-04 9.656310430727899075e-05
1.531327548946137486e-04 1.103312679333612323e-04
1.582901223628141397e-04 1.127102877944707870e-04
1.707149919639050386e-04 1.270872598979622126e-04
1.550542701806989498e-04 9.780188702279701829e-05
1.646834325583768077e-04 1.179554383270442486e-04
1.640305122236895841e-04 1.099406144930981100e-04
1.537093623483087759e-04 1.135940547101199627e-04
1.626482621759350877e-04 1.073234743671491742e-04
1.590661463524156716e-04 1.216638120240531862e-04
1.515876103439950276e-04 1.075117761502042413e-04
1.600692010470084023e-04 1.362277398584410548e-04
1.557447257255262284e-04 1.092094316845759749e-04
1.506423453975003267e-04 9.950772073352709413e-05
1.613213672499114128e-04 1.087996861315332353e-04
1.516087764684925733e-04 1.196495140902698040e-04
1.562051821565546507e-04 1.099470173357985914e-04
1.570381930832809411e-04 1.404518989147618413e-04
1.486722211666347048e-04 1.161585314548574388e-04
1.516944422291999163e-04 1.264697348233312368e-04
1.671174993134627476e-04 9.611394489184021950e-05
1.508952293079346310e-04 1.042850635712966323e-04
1.557805445372650811e-04 1.090079094865359366e-04
1.524818861980747951e-04 9.838051482802256942e-05
1.478608186516794430e-04 1.461135834688320756e-04
1.647579898417461609e-04 1.014958615996874869e-04
1.524028504718444202e-04 1.150212046923115849e-04
1.539750230222125429e-04 9.718955698190256953e-05
1.472954238124657314e-04 1.136946593760512769e-04
1.662255517658195458e-04 1.051318831741809845e-04
1.491010031713812969e-04 1.052159714163281024e-04
1.485016466176602881e-04 1.045531025738455355e-04
1.510664804300177019e-04 1.418076426489278674e-04
1.606010761861398242e-04 1.026011304929852486e-04
1.502946846812847125e-04 1.301133597735315561e-04
1.533607223791477736e-04 1.046293764375150204e-04
1.501202864346851129e-04 1.002957797027193010e-04
1.504581101471558159e-04 1.009519546641968191e-04
1.486417353589786271e-04 1.060216454789042473e-04
1.493453467446670510e-04 9.846883040154352784e-05
1.487327455834019821e-04 1.121452078223228455e-04
1.494385221121774412e-04 9.977604349842295051e-05
1.511501128334202749e-04 1.156489015556871891e-04
1.604363221304083600e-04 1.057364061125554144e-04
1.478312135986925677e-04 1.050854334607720375e-04
1.522643144198809642e-04 1.011805725283920765e-04
1.506980914200539809e-04 1.078277127817273140e-04
1.509547697423840819e-04 1.015976667986251414e-04
1.516945337243669092e-04 1.003121724352240562e-04
1.493324328293965772e-04 1.013844739645719528e-04
1.480810973589541445e-04 1.026422978611662984e-04
1.468259526518522653e-04 1.210973568959161639e-04
1.541002447993378155e-04 1.052519219228997827e-04
1.612743822079210076e-04 1.012030188576318324e-04
1.553111087559955195e-04 9.065264748642221093e-05
1.435393945939722525e-04 1.095224506570957601e-04
1.484415481172618348e-04 1.000787378870882094e-04
1.535796024654700778e-04 1.096849809982813895e-04
1.475750214922300020e-04 1.098470092983916402e-04
1.485862131630710738e-04 1.024634257191792130e-04
1.454820629078312885e-04 1.032230356940999627e-04
1.421807969563815277e-04 9.582810889696702361e-05
1.461040025787951782e-04 9.946431964635848999e-05
1.476843392083537656e-04 9.255806071450933814e-05
1.520390256700920818e-04 9.364919969812035561e-05
1.472460361583216636e-04 1.049844067892991006e-04
1.479518831729365101e-04 1.041865471052005887e-04
1.522999089502263923e-04 9.625362872611731291e-05
1.391145930938364364e-04 9.591927664587274194e-05
1.494656255999871172e-04 1.129558077082037926e-04
1.427737061931111330e-04 1.036486937664449215e-04
1.486499946622643566e-04 1.070756334229372442e-04
1.495858956332085600e-04 1.010811902233399451e-04
1.412090845406055505e-04 1.047344412654638290e-04
1.444608735255314860e-04 1.023077857098542154e-04
1.434978451470669933e-04 9.320903336629271507e-05
1.433043474207806975e-04 1.757212885422632098e-04
1.484700697801599690e-04 9.523370681563392282e-05
1.435467966075520962e-04 9.493597463006153703e-05
1.412622228599502651e-04 9.834857337409630418e-05
1.434975273696181884e-04 9.008750203065574169e-05
1.418953336724371292e-04 1.095590632758103311e-04
1.453877971471229102e-04 1.156491198344156146e-04
1.481361324294994065e-04 9.586974920239299536e-05
1.436801175259461215e-04 1.067789053195156157e-04
1.500264332207734805e-04 1.205904773087240756e-04
1.550729643895465415e-04 9.402271825820207596e-05
1.429454350727610290e-04 1.006148158921860158e-04
1.464177537854993824e-04 9.032453090185299516e-05
1.407706626196159104e-04 9.593422146281227469e-05
1.431322360076592412e-04 9.688110731076449156e-05
1.385315911647922002e-04 8.891769539332017303e-05
1.425700032086751998e-04 1.066333352355286479e-04
1.438038111700734589e-04 9.393610525876283646e-05
1.427676427738333695e-04 1.124009722843766212e-04
1.493340441811596975e-04 9.667077392805367708e-05
1.489680938902893158e-04 1.334386906819418073e-04
1.417067591319209950e-04 1.053992455126717687e-04
1.438223556760931442e-04 1.180112449219450355e-04
1.413576207596633941e-04 1.069348654709756374e-04
1.444244953745510429e-04 9.086880891118198633e-05
1.463509600398538277e-04 9.954742563422769308e-05
1.398420205987349510e-04 9.552663686918094754e-05
1.430109257853473645e-04 9.572354611009359360e-05
1.376382059788738897e-04 9.724854317028075457e-05
1.402950741976383196e-04 9.396241512149572372e-05
1.404715768330788651e-04 9.459559078095480800e-05
1.423754996721982079e-04 1.027354737743735313e-04
1.424358722033502891e-04 8.994792733574286103e-05
1.397411163452488944e-04 9.635191236156970263e-05
1.399179768668545876e-04 9.522213076706975698e-05
1.495886822340253275e-04 9.999360190704464912e-05
1.406522750585281810e-04 8.834730397211387753e-05
1.426618907316878795e-04 1.025185702019371092e-04
1.404365419148234759e-04 8.660103048896417022e-05
1.353534555164514932e-04 9.369223698740825057e-05
1.369946267914201544e-04 9.572371345711871982e-05
1.393706437738728764e-04 1.020998679450713098e-04
1.379971349706465844e-04 9.057636634679511189e-05
1.359158406557980816e-04 1.062948576873168349e-04
1.539580240205395913e-04 1.374949206365272403e-04
1.439648110135749340e-04 9.710856102174147964e-05
1.416668993442726733e-04 1.016031019389629364e-04
1.443317402845423095e-04 9.302653779741376638e-05
1.356388263047847323e-04 9.222548396792262793e-05
1.362373598567501285e-04 9.526924986857920885e-05
1.451878945772478000e-04 9.189239062834531069e-05
1.380636513204080984e-04 9.248799324268475175e-05
1.429994172212900594e-04 9.464371396461501718e-05
1.385735691656009240e-04 9.137774759437888861e-05
1.378022406242962515e-04 9.373531793244183064e-05
1.358176936264499145e-04 9.287185093853622675e-05
1.365309088214417097e-04 1.041222276398912072e-04
1.454179527172527796e-04 9.076993592316284776e-05
1.390585157423629425e-04 9.516788122709840536e-05
1.378725125505297802e-04 8.972906653070822358e-05
1.381955378747079630e-04 9.840014536166563630e-05
1.391611458529951051e-04 1.009081825031898916e-04
1.491876575528294671e-04 9.640812641009688377e-05
1.373390493426995709e-04 9.202842193190008402e-05
1.358080381578474717e-04 9.114992280956357718e-05
1.382662588184757732e-04 1.199881444335915148e-04
1.441362241166643853e-04 9.823592699831351638e-05
1.361225420623668578e-04 1.014073641272261739e-04
1.385748268148745464e-04 1.009248881018720567e-04
1.353510258013557069e-04 1.018950279103592038e-04
1.364074779303336927e-04 1.015152229228988290e-04
1.362784018965612631e-04 9.829653572523966432e-05
1.394490578604745624e-04 9.248330752598121762e-05
1.352944032987579649e-04 9.712398605188354850e-05
1.345481393400404960e-04 9.024578321259468794e-05
1.361141957204381524e-04 9.437096741748973727e-05
1.380576391056820285e-04 9.590179979568347335e-05
1.362169192361761762e-04 9.359471732750535011e-05
1.343423470643756337e-04 9.663523815106600523e-05
1.363793172458826976e-04 9.306852734880521894e-05
1.348314562164887374e-04 9.169844997813925147e-05
1.471478036364715026e-04 8.919751417124643922e-05
1.383953467666287906e-04 9.975915600080043077e-05
1.388649914588313658e-04 8.588642958784475923e-05
1.335705142082588281e-04 9.706542186904698610e-05
1.347084084045491236e-04 9.869919449556618929e-05
1.386652017572487130e-04 8.907569281291216612e-05
1.377840334498614593e-04 9.656563634052872658e-05
1.340206787972419880e-04 8.823645475786179304e-05
1.347765154605440384e-04 9.220995707437396049e-05
1.357005370664410347e-04 8.724119106773287058e-05
1.374282892356859520e-04 8.601954323239624500e-05
1.399193212819227375e-04 9.048346691997721791e-05
1.358749544124293715e-04 8.714701107237488031e-05
1.397002241901645957e-04 9.149708785116672516e-05
1.334949999545642532e-04 9.030161891132593155e-05
1.332031561105395667e-04 9.090810635825619102e-05
1.351305289063020718e-04 1.079203648259863257e-04
1.360454822133760845e-04 1.003173092612996697e-04
1.392477522131230108e-04 1.050215651048347354e-04
1.341565175607684068e-04 9.927873179549351335e-05
1.344630998573848155e-04 1.013204018818214536e-04
1.361520808131899685e-04 8.940164116211235523e-05
1.340098953733104173e-04 1.004173318506218493e-04
1.385664412737242000e-04 9.152291022473946214e-05
1.354376460767525605e-04 9.631728607928380370e-05
1.367358018796949127e-04 9.286691056331619620e-05
1.336754066869616508e-04 8.919080573832616210e-05
1.357013331471534803e-04 8.891583274817094207e-05
1.327923317148815949e-04 1.015625894069671631e-04
1.334151493210811168e-04 9.203303488902747631e-05
1.318550574978871791e-04 9.058129217009991407e-05
1.354950261884369065e-04 1.163072447525337338e-04
1.359251047688303407e-04 9.185492672258988023e-05
1.346559435660310447e-04 8.984350279206410050e-05
1.315283949224976769e-04 8.834162872517481446e-05
1.353010350612748988e-04 9.073206456378102303e-05
1.371986979393113762e-04 1.178669190267100930e-04
1.344634377346665241e-04 8.905203139875084162e-05
1.340066256489080788e-04 9.509258961770683527e-05
1.328776645095785971e-04 9.210007556248456240e-05
1.316470413257775254e-04 8.917033119359984994e-05
1.328764241407043355e-04 9.163592767436057329e-05
1.364783775898104014e-04 9.600735211279243231e-05
1.345746533843339312e-04 9.320407116319984198e-05
1.343931561677891350e-04 9.086683712666854262e-05
1.336867841928324088e-04 8.741817146074026823e-05
1.347369500763306968e-04 1.171985422843135893e-04
1.331567002125666368e-04 8.776353206485509872e-05
1.341390066954772865e-04 8.635146514279767871e-05
1.313015150117280427e-04 1.013277069432660937e-04
1.318074319897277692e-04 1.007074461085721850e-04
1.334383714493014850e-04 8.785138197708874941e-05
1.334541601863747983e-04 8.886657451512292027e-05
1.336452109171659740e-04 9.438216511625796556e-05
1.363068906357511770e-04 8.719295874470844865e-05
1.315377062383049633e-04 8.400646765949204564e-05
1.310600662691285942e-04 8.865007112035527825e-05
1.316512709308881204e-04 8.374538447242230177e-05
1.339465346063661963e-04 9.171920828521251678e-05
1.327973462139198199e-04 8.460480603389441967e-05
1.301882494772144073e-04 8.672941476106643677e-05
1.318352130510902389e-04 8.990010246634483337e-05
1.303698436458944343e-04 8.802714000921696424e-05
1.328219530478236374e-04 9.086729551199823618e-05
1.311967978836037327e-04 8.799440547591075301e-05
1.311242037445481293e-04 9.206606773659586906e-05
1.303283172092051137e-04 8.747123501962050796e-05
1.304027075093472268e-04 9.004485036712139845e-05
1.314327179898100331e-04 9.102413605432957411e-05
1.328482935605279636e-04 8.458447700832039118e-05
1.316250468335056212e-04 8.716269803699105978e-05
1.329603053818573352e-04 8.852673636283725500e-05
1.307596078731876441e-04 8.604943286627531052e-05
1.314890138928603738e-04 9.331623004982247949e-05
1.318722082032763973e-04 9.580850746715441346e-05
1.330706256339908469e-04 1.032196596497669816e-04
1.321073861618060510e-04 8.989779598778113723e-05
1.305289300944423357e-04 8.878086373442783952e-05
1.314271015871781910e-04 1.015828020172193646e-04
1.330516637608525397e-04 9.321773541159927845e-05
1.319903074545436647e-04 9.018842683872207999e-05
1.350392757558438515e-04 9.527557267574593425e-05
1.308860473727690987e-04 8.650023664813488722e-05
1.319711804171674939e-04 8.857339707901701331e-05
1.342703160844394114e-04 9.722266986500471830e-05
1.338469627626182100e-04 8.856588101480156183e-05
1.304873258050065488e-04 8.910008909879252315e-05
1.318562257438316064e-04 1.006487291306257248e-04
1.299244133406318616e-04 8.683439227752387524e-05
1.300012751016765779e-04 8.809022983768954873e-05
1.315174980845768059e-04 8.779428026173263788e-05
1.298515800954191837e-04 9.431770740775391459e-05
1.306258808654092772e-04 8.627296483609825373e-05
1.298936193052213747e-04 9.165427036350592971e-05
1.298649562158971148e-04 8.696912118466570973e-05
1.302730619499925578e-04 9.234414028469473124e-05
1.302468518588284442e-04 8.391350274905562401e-05
1.283238490032090286e-04 8.602692105341702700e-05
1.314462846494279856e-04 8.736400195630267262e-05
1.295636643590114545e-04 8.785241516306996346e-05
1.281464298699574902e-04 8.876826905179768801e-05
1.317937226303911302e-04 9.327959560323506594e-05
1.275567921766196269e-04 9.057936404133215547e-05
1.281492026464548016e-04 9.017178672365844250e-05
1.290407090891676435e-04 8.842597890179604292e-05
1.318622094913735000e-04 8.668818918522447348e-05
1.301212349972047432e-04 8.931707998272031546e-05
1.290893717850849606e-04 8.968215843196958303e-05
1.294229792620171739e-04 8.712311682756990194e-05
1.321215360803762342e-04 8.898878877516835928e-05
1.290300686378032077e-04 9.465961193200200796e-05
1.309212967498751769e-04 8.818569767754524946e-05
1.337164657343237249e-04 8.660012099426239729e-05
1.280398673770832829e-04 9.713372128317132592e-05
1.286282385990489274e-04 8.665953646413981915e-05
1.278371605621941853e-04 8.585533942095935345e-05
1.287445092202688156e-04 8.650527888676151633e-05
1.279481988603947738e-04 8.571529906475916505e-05
1.294378177590260639e-04 8.537768735550343990e-05
1.310337308495945654e-04 8.407636778429150581e-05
1.294617625717364826e-04 9.171331475954502821e-05
1.284744735130516347e-04 9.064189362106844783e-05
1.281921283407427728e-04 8.829487342154607177e-05
1.277194630347366802e-04 8.643447654321789742e-05
1.278693343010672888e-04 8.682619227329269052e-05
1.280617601878475452e-04 9.033054811879992485e-05
1.297865139349596466e-04 9.609719563741236925e-05
1.297493673519056702e-04 8.875959611032158136e-05
1.306762626882118747e-04 8.984103624243289232e-05
1.289949671445356325e-04 8.599778811912983656e-05
1.291738471991266124e-04 1.002648350549861789e-04
1.302509989727695992e-04 8.583023736719042063e-05
1.280446251257671866e-04 8.996810356620699167e-05
1.274545699743612095e-04 9.087777289096266031e-05
1.268169977265642902e-04 9.203046647598966956e-05
1.286627769331971758e-04 8.620375592727214098e-05
1.294978727855777888e-04 9.009175118990242481e-05
1.291064910219574759e-04 9.019313438329845667e-05
1.288433930312749107e-04 8.567788609070703387e-05
1.280871794733684402e-04 8.686882210895419121e-05
1.315351817538612631e-04 8.618224819656461477e-05
1.299992406529781766e-04 8.952256030170246959e-05
1.272385303309420069e-04 8.339748455910012126e-05
1.274122781069309093e-04 9.007470362121239305e-05
1.283935878745978807e-04 8.685532520757988095e-05
1.272572311791009324e-04 9.011489601107314229e-05
1.280101744669082217e-04 8.509808685630559921e-05
1.268386143237876349e-04 9.116083674598485231e-05
1.272067358513595428e-04 8.585640898672863841e-05
1.282515291677555015e-04 8.652257383801043034e-05
1.274287663363793508e-04 8.709366375114768744e-05
1.279689918192161713e-04 9.107345249503850937e-05
1.277873563594766784e-04 8.731588604860007763e-05
1.276271542337781230e-04 9.118949674302712083e-05
1.272747931579942815e-04 8.459682430839166045e-05
1.274540063604945317e-04 9.131775732384994626e-05
1.273185576792457087e-04 8.634429832454770803e-05
1.265806349692866206e-04 9.184329246636480093e-05
1.254664921361836605e-04 8.537162648281082511e-05
1.292219232709612589e-04 8.788609557086601853e-05
1.285796757656498758e-04 8.685638022143393755e-05
1.288080166887084434e-04 9.114320710068568587e-05
1.294470142056525328e-04 8.839783549774438143e-05
1.287704731112171430e-04 8.538598922314122319e-05
1.263447066776279772e-04 8.573148079449310899e-05
1.273369813134195229e-04 8.907888695830479264e-05
1.267208278477482855e-04 8.569880446884781122e-05
1.292645555622584706e-04 8.457170042674988508e-05
1.268970973796967828e-04 8.874911873135715723e-05
1.270908545848215053e-04 8.589971548644825816e-05
1.268041916773654412e-04 8.659731975058093667e-05
1.281209792068693841e-04 8.644470653962343931e-05
1.270198287784296445e-04 8.420694211963564157e-05
1.261054166207031867e-04 8.567982877139002085e-05
1.274390183425566647e-04 8.947349124355241656e-05
1.267762629140633981e-04 8.515141962561756372e-05
1.270697190193459337e-04 8.785879617789760232e-05
1.267075511350412961e-04 8.651430835016071796e-05
1.260300124158675263e-04 9.133316052611917257e-05
1.253745256690308560e-04 8.596541010774672031e-05
1.263585286324087065e-04 8.472386980429291725e-05
1.261569468624657020e-04 8.460770186502486467e-05
1.263022881175857092e-04 8.404022082686424255e-05
1.271837597414560042e-04 8.709655958227813244e-05
1.264729210561199688e-04 9.099774615606293082e-05
1.274465010283165720e-04 8.611760858912020922e-05
1.256911760719958639e-04 9.316091018263250589e-05
1.274261758226202801e-04 8.788199193077161908e-05
1.271288606403686572e-04 8.379240898648276925e-05
1.263727490368182771e-04 8.848188736010342836e-05
1.248481285983871149e-04 8.926309965318068862e-05
1.282445997276226936e-04 8.592734957346692681e-05
1.254158492884016542e-04 8.642879402032122016e-05
1.256883503629069201e-04 8.886786235962063074e-05
1.289898342292872203e-04 8.838644134812057018e-05
1.273034272344375495e-04 8.787724073044955730e-05
1.247823703124595286e-04 8.512903877999633551e-05
1.253645505130407400e-04 8.634237747173756361e-05
1.270450467018235886e-04 8.630892989458516240e-05
1.245131041287095394e-04 8.441670797765254974e-05
1.260316095795133043e-04 8.781727956375107169e-05
1.265830713236937408e-04 9.346302977064624429e-05
1.265245982722262852e-04 8.439652447123080492e-05
1.248264623427530859e-04 8.408733265241608024e-05
1.261675915884552523e-04 9.326758299721404910e-05
1.251730857802613281e-04 8.205656195059418678e-05
1.256570329132955630e-04 8.541989518562331796e-05
1.251154956662503645e-04 9.353371569886803627e-05
1.256838218068878632e-04 8.500598778482526541e-05
1.266012323867471369e-04 8.517952664988115430e-05
1.253225662367185686e-04 8.303309732582420111e-05
1.246994875145901460e-04 8.665017958264797926e-05
1.260385834939370343e-04 8.745763625483959913e-05
1.248793942977499628e-04 8.982083818409591913e-05
1.274307296625920571e-04 8.846583659760653973e-05
1.262582805793499520e-04 8.877676737029105425e-05
1.245749152985808959e-04 8.487659943057224154e-05
1.245954686964978410e-04 8.853433973854407668e-05
1.255434577615233084e-04 9.235240577254444361e-05
1.254452802641026318e-04 8.619985601399093866e-05
1.254950916518282611e-04 8.348450501216575503e-05
1.248788883458473828e-04 8.319354674313217402e-05
1.245596946318983046e-04 8.732663991395384073e-05
1.258262193005066257e-04 8.552686631446704268e-05
1.245090971679019222e-04 8.465435530524700880e-05
1.252886058864532970e-04 8.362847438547760248e-05
1.244410949766461326e-04 8.556969987694174051e-05
1.254498328307818210e-04 8.344215166289359331e-05
1.252857745384972131e-04 8.807996346149593592e-05
1.248810744982620236e-04 8.986157627077773213e-05
1.254021936802018845e-04 8.407091081608086824e-05
1.246406559403112624e-04 8.796407200861722231e-05
1.246913938302896040e-04 8.781178621575236320e-05
1.249056403139547965e-04 8.733449794817715883e-05
1.263347502572287394e-04 8.418285142397508025e-05
1.253279127013229408e-04 8.431425521848723292e-05
1.248803540875087546e-04 8.454261842416599393e-05
1.248562567525368595e-04 8.736776362638920546e-05
1.245038885826943334e-04 8.566170436097308993e-05
1.245649685188254916e-04 8.862867252901196480e-05
1.246385623744572459e-04 8.494943176629021764e-05
1.238463095432962345e-04 8.316830644616857171e-05
1.239035427715862170e-04 8.700376929482445121e-05
1.245203046892129405e-04 8.436554344370961189e-05
1.253521286344039254e-04 8.671540854265913367e-05
1.273901047170511501e-04 8.204630285035818815e-05
1.243340208930021509e-04 8.670325769344344735e-05
1.240865601175755620e-04 8.427204738836735487e-05
1.248464522177528179e-04 8.600164437666535378e-05
1.237331883203296565e-04 8.391244045924395323e-05
1.236617464201117346e-04 8.434392657363787293e-05
1.241033486621745451e-04 8.419676305493339896e-05
1.246233390702400411e-04 8.277676533907651901e-05
1.237281067005824298e-04 8.318845357280224562e-05
1.247247465471445994e-04 8.409602742176502943e-05
1.245186757842020652e-04 8.218188304454088211e-05
1.241674270204384920e-04 8.795755275059491396e-05
1.243863518539001125e-04 8.558885019738227129e-05
1.241296756234078094e-04 8.362150401808321476e-05
1.233990938089846168e-04 8.444998093182221055e-05
1.243814996996661540e-04 8.380587678402662277e-05
1.239700755832018276e-04 8.463305857731029391e-05
1.237481316820776447e-04 8.320042979903519154e-05
1.247988406248623559e-04 8.381266525248065591e-05
1.235629641996638438e-04 8.567835902795195580e-05
1.235789512975316083e-04 8.442737453151494265e-05
1.236516031895007472e-04 8.669897215440869331e-05
1.244330972440366276e-04 8.646272908663377166e-05
1.243362935383629519e-04 8.828763384371995926e-05
1.240911735294503051e-04 8.441191312158480287e-05
1.240384942320815645e-04 8.253661508206278086e-05
1.238011500390712172e-04 8.240894385380670428e-05
1.234131724231701756e-04 8.719009201740846038e-05
1.238620477124641075e-04 8.828878344502300024e-05
1.249267736966430784e-04 8.525889279553666711e-05
1.234275408023677409e-04 8.790138963377103209e-05
1.241345598828047514e-04 8.666275243740528822e-05
1.245743320396286381e-04 8.459177479380741715e-05
1.232639010595448781e-04 8.362300286535173655e-05
1.228887338584172648e-04 8.238559530582278967e-05
1.236195139426854439e-04 8.541143324691802263e-05
1.233304781635524813e-04 8.477404480800032616e-05
1.235977153555722799e-04 8.326064562425017357e-05
1.230440365361573694e-04 8.322937355842441320e-05
1.232084509865671862e-04 9.302976832259446383e-05
1.230759771715383977e-04 8.829129365039989352e-05
1.233538861015404055e-04 8.455431816400960088e-05
1.228974564583040828e-04 8.413215255131945014e-05
1.228940835972025579e-04 8.645725756650790572e-05
1.225177793457987718e-04 8.497243106830865145e-05
1.239500176779983922e-04 9.456933184992522001e-05
1.234651499544270337e-04 8.509564941050484776e-05
1.237482407304923927e-04 8.236286521423608065e-05
1.237748715539055411e-04 8.833219908410683274e-05
1.231098181051493157e-04 8.387902926187962294e-05
1.236442508343316149e-04 8.562895527575165033e-05
1.238770596501126420e-04 8.333545702043920755e-05
1.232746203640999738e-04 8.524260192643851042e-05
1.241243016920634545e-04 8.315712329931557178e-05
1.231190014550520464e-04 8.634261030238121748e-05
1.228134945449710466e-04 8.438222721451893449e-05
1.224720316713501288e-04 8.412358874920755625e-05
1.230753379786619808e-04 8.666318899486213923e-05
1.234505959473608419e-04 8.706971129868179560e-05
1.226527528160659185e-04 8.457244985038414598e-05
1.236208858244936036e-04 8.467148290947079659e-05
1.223555481374205610e-04 8.186233753804117441e-05
1.233679465258319288e-04 8.394783071707934141e-05
1.237520784343359883e-04 8.763336518313735723e-05
1.236210060596931672e-04 8.518851973349228501e-05
1.227419427777931668e-04 8.374646859010681510e-05
1.226519000738335416e-04 8.361221989616751671e-05
1.227140302034967990e-04 8.451979374513030052e-05
1.220782845848589258e-04 8.311936107929795980e-05
1.226880522153805941e-04 8.197118586394935846e-05
1.224555404405691607e-04 8.421547681791707873e-05
1.223111426043033134e-04 8.624519978184252977e-05
1.226227063853002619e-04 8.455099305137991905e-05
1.243393356162414529e-04 8.593201346229761839e-05
1.230896617926191593e-04 8.678632730152457952e-05
1.224529596584034152e-04 8.412489842157810926e-05
1.225945258738647572e-04 8.371732110390439630e-05
1.222931010488537086e-04 8.339753549080342054e-05
1.226020111971593050e-04 8.559025445720180869e-05
1.221966711455024887e-04 8.516000525560230017e-05
1.223363240569597219e-04 8.248516678577288985e-05
1.218034171870385762e-04 8.266072109108790755e-05
1.220766065671341548e-04 8.146201435010880232e-05
1.222668461196008138e-04 8.212427201215177774e-05
1.226679774845251759e-04 8.395845361519604921e-05
1.227882541570579525e-04 8.390162838622927666e-05
1.225607066771772170e-04 8.422792598139494658e-05
1.224507213009928873e-04 8.208004146581515670e-05
1.222457722178660333e-04 8.541667921235784888e-05
1.228795114002423307e-04 8.592210360802710056e-05
1.228520010954525679e-04 8.297107706312090158e-05
1.224285044372663725e-04 8.473622438032180071e-05
1.219937274072435657e-04 8.495819201925769448e-05
1.234487544024887083e-04 8.610596705693751574e-05
1.221705789248517195e-04 8.579712448408827186e-05
1.217546775478695081e-04 8.469405292998999357e-05
1.220521727191226037e-04 8.445631101494655013e-05
1.226372432938660495e-04 8.499715477228164673e-05
1.226101696374826025e-04 8.373478340217843652e-05
1.215231645801395644e-04 8.346558024641126394e-05
1.218959615471248926e-04 8.434335177298635244e-05
1.218483657794422470e-04 8.462405821774154902e-05
1.218282491208810825e-04 8.214053377741947770e-05
1.219237718942167757e-04 8.874631021171808243e-05
1.221726402945932878e-04 8.452656038571149111e-05
1.223082403157604912e-04 8.518881077179685235e-05
1.218444958794862032e-04 8.328178955707699060e-05
1.216917929014016381e-04 8.259517198894172907e-05
1.216571715303871342e-04 8.247092773672193289e-05
1.213580378134793163e-04 8.457618969259783626e-05
1.219775504978315385e-04 8.416505443165078759e-05
1.223086403115303147e-04 8.337061444763094187e-05
1.219310691340069725e-04 8.320679626194760203e-05
1.214641339174704572e-04 8.359838102478533983e-05
1.217862085468368659e-04 8.384710235986858606e-05
1.222923032401013242e-04 8.356157923117280006e-05
1.222965316628687961e-04 8.541134593542665243e-05
1.211230067383439719e-04 8.596123370807617903e-05
1.213871486470452564e-04 8.225414785556495190e-05
1.212026976645574959e-04 8.279554458567872643e-05
1.224783739417034775e-04 8.539068221580237150e-05
1.217546669067814946e-04 8.261714538093656301e-05
1.218966592205106308e-04 8.279261237476021051e-05
1.215930693433619981e-04 8.455405622953549027e-05
1.218666969180048882e-04 8.217556023737415671e-05
1.213575780639075701e-04 8.544388401787728071e-05
1.216179110997472944e-04 8.303741924464702606e-05
1.217586780512647211e-04 8.471212640870362520e-05
1.213262926285096910e-04 8.328242984134703875e-05
1.211283894917869502e-04 8.195227565011009574e-05
1.212180726724909673e-04 8.220417657867074013e-05
1.211710285133449334e-04 8.498896931996569037e-05
1.212018313708540572e-04 8.424341649515554309e-05
1.213983789057238055e-04 8.195133705157786608e-05
1.215544534716173075e-04 8.386276749661192298e-05
1.216042609485157354e-04 8.296068699564784765e-05
1.220027787894650882e-04 8.390324364881962538e-05
1.212590010254643803e-04 8.154448005370795727e-05
1.214247837197035497e-04 8.327711839228868484e-05
1.209795035720162614e-04 8.214913395931944251e-05
1.207279397931415533e-04 8.125648309942334890e-05
1.211318372952518930e-04 8.204860932892188430e-05
1.209385705806198476e-04 8.397037163376808167e-05
1.208126200253900606e-04 8.314170554513111711e-05
1.209162038321664968e-04 8.389671711483970284e-05
1.213512048707343611e-04 8.439136581728234887e-05
1.212822122397483272e-04 8.415285265073180199e-05
1.213643102346395581e-04 8.195275586331263185e-05
1.213756990182446370e-04 8.365019311895594001e-05
1.205414318064868039e-04 8.131186041282489896e-05
1.211227993735519676e-04 8.458617230644449592e-05
1.213083719449059572e-04 8.308696124004200101e-05
1.209747715620324016e-04 8.222676842706277966e-05
1.204968807542172726e-04 8.468278247164562345e-05
1.212038096127798781e-04 8.667735528433695436e-05
1.209718006066395955e-04 8.332754077855497599e-05
1.213019092574541018e-04 8.355920726899057627e-05
1.210343344610009754e-04 8.550466736778616905e-05
1.209545435813197346e-04 8.274892752524465322e-05
1.202967831886780968e-04 8.566294854972511530e-05
1.207871188853459925e-04 8.375455945497378707e-05
1.207305345815257115e-04 8.395969780394807458e-05
1.209072306664893404e-04 8.363790402654558420e-05
1.207399419399734998e-04 8.234316919697448611e-05
1.204318898999190397e-04 8.174210961442440748e-05
1.212647134707367513e-04 8.281015470856800675e-05
1.213202995131723583e-04 8.519167749909684062e-05
1.204507078000460724e-04 8.257188892457634211e-05
1.203399709993391352e-04 8.404154505115002394e-05
1.209658820698678082e-04 8.218768198275938630e-05
1.213504016050137525e-04 8.219535084208473563e-05
1.205153695991612067e-04 8.304925722768530250e-05
1.208822396620234886e-04 8.246851939475163817e-05
1.209639983244414934e-04 8.415243064519017935e-05
1.205719291647255832e-04 8.293650171253830194e-05
1.203510122650186585e-04 8.524568693246692419e-05
1.202702691443846615e-04 8.320192864630371332e-05
1.203463493766321335e-04 8.622839959571138024e-05
1.200607232931361041e-04 8.365824760403484106e-05
1.208345155646384282e-04 8.189949585357680917e-05
1.207687505484500434e-04 8.271836850326508284e-05
1.201419658173108528e-04 8.305943629238754511e-05
1.207513472763821537e-04 8.276289736386388540e-05
1.203357096528634429e-04 8.382564556086435914e-05
1.201662360472255359e-04 8.368094859179109335e-05
1.205905540700769106e-04 8.298199099954217672e-05
1.201464356199721806e-04 8.291978156194090843e-05
1.207020075526088449e-04 8.212192187784239650e-05
1.200530423375312239e-04 8.247805817518383265e-05
1.200624475131917225e-04 8.480066026095300913e-05
1.202707837364869219e-04 8.204329787986353040e-05
1.214248027281428222e-04 8.442847320111468434e-05
1.204724721901584417e-04 8.237310976255685091e-05
1.200929436890874058e-04 8.230384264606982470e-05
1.208098009556124507e-04 8.505614823661744595e-05
1.202465564347221516e-04 8.333123696502298117e-05
1.199711452500196201e-04 8.192099630832672119e-05
1.201766836857132094e-04 8.391981100430712104e-05
1.201062669679231422e-04 8.241537580033764243e-05
1.203422437356493874e-04 8.190161315724253654e-05
1.202191137053887414e-04 8.180334407370537519e-05
1.197928145302284975e-04 8.275126310763880610e-05
1.201779529765190118e-04 8.287579112220555544e-05
1.197612814394233283e-04 8.141718717524781823e-05
1.199573887788574184e-04 8.591468213126063347e-05
1.203911659104051041e-04 8.295875159092247486e-05
1.201217191919567995e-04 8.412788156419992447e-05
1.200528162371483686e-04 8.425749547313898802e-05
1.200877035444136763e-04 8.303258073283359408e-05
1.203048276693152784e-04 8.212892134906724095e-05
1.195911510876612765e-04 8.274761785287410021e-05
1.202606938932149178e-04 8.482226257910951972e-05
1.200860362587263835e-04 8.334578888025134802e-05
1.203612067001813530e-04 8.149457426043227315e-05
1.196521148813189884e-04 8.196485578082501888e-05
1.197193695588794125e-04 8.184150647139176726e-05
1.196266413899138597e-04 8.214976696763187647e-05
1.197201660943392226e-04 8.417115168413147330e-05
1.198845428007189157e-04 8.275503932964056730e-05
1.196576263282622676e-04 8.204075129469856620e-05
1.198166891299479230e-04 8.212831744458526373e-05
1.197512068756623248e-04 8.233850530814379454e-05
1.194991956253943445e-04 8.368802082259207964e-05
1.196058824461943004e-04 8.370677096536383033e-05
1.200697163767472348e-04 8.215928392019122839e-05
1.196947077005461378e-04 8.229125523939728737e-05
1.196594609609746867e-04 8.283353236038237810e-05
1.193231369143177290e-04 8.252369298133999109e-05
1.198533727801986970e-04 8.075725054368376732e-05
1.196004166558850530e-04 8.465315477224066854e-05
1.199973045004298856e-04 8.311984129250049591e-05
1.201087975459813606e-04 8.158576383721083403e-05
1.201343384309438989e-04 8.334076119353994727e-05
1.197030032926704735e-04 8.142560545820742846e-05
1.198247954562248251e-04 8.391137816943228245e-05
1.193621117636212121e-04 8.206184429582208395e-05
1.196991149299719864e-04 8.297858585137873888e-05
1.197663240418478435e-04 8.152605005307123065e-05
1.196132804579974645e-04 8.338860061485320330e-05
1.193975839669292381e-04 8.164493192452937365e-05
1.195914866912062307e-04 8.226861245930194855e-05
1.192615053696499726e-04 8.139769488479942083e-05
1.192608915516757406e-04 8.261659240815788507e-05
1.193260072795965243e-04 8.179169526556506753e-05
1.189904832244792542e-04 8.088485628832131624e-05
1.192594960230053348e-04 8.244423952419310808e-05
1.190824010336655138e-04 8.211426029447466135e-05
1.191911444038851214e-04 8.274748688563704491e-05
1.192059366076136993e-04 8.268426608992740512e-05
1.192286028526723412e-04 8.226667705457657576e-05
