8.733957956428639591e-02 9.402493014931678772e-03
7.096723059657960957e-03 5.712071899324655533e-03
4.919964051805436438e-03 2.965100808069109917e-03
4.001620599592570042e-03 2.834822516888380051e-03
3.354131673404481262e-03 3.172799479216337204e-03
2.813994193274993449e-03 2.701664343476295471e-03
2.402067650109529495e-03 2.113636350259184837e-03
2.015756766195408826e-03 2.015228848904371262e-03
2.051931565802078694e-03 1.501446124166250229e-03
1.798307310673408297e-03 1.643352792598307133e-03
1.724106259644031525e-03 1.152313197962939739e-03
1.583732340804999694e-03 3.015066031366586685e-03
1.548786861530970825e-03 1.327985315583646297e-03
1.256186505634104746e-03 8.059552055783569813e-04
1.360380788537440865e-03 9.287134744226932526e-04
1.494687864033039746e-03 7.409418467432260513e-04
1.249796796764712867e-03 7.471684366464614868e-04
1.097589515120489610e-03 1.249238033778965473e-03
9.490868153079646142e-04 1.226102234795689583e-03
1.164645469543756917e-03 9.357341332361102104e-04
1.087611338152782948e-03 6.841988069936633110e-04
9.647151389799546017e-04 6.220744107849895954e-04
8.941423973737982599e-04 7.314737304113805294e-04
1.617831867770291952e-03 1.242660102434456348e-03
9.807236056076362729e-04 5.480807158164680004e-04
8.386641431570752026e-04 8.135411189869046211e-04
7.111588543921243616e-04 5.815253825858235359e-04
8.420980157097801566e-04 7.940985960885882378e-04
8.075576370174530894e-04 9.960791794583201408e-04
8.748010375711600794e-04 5.320064956322312355e-04
8.806099205685314225e-04 9.896296542137861252e-04
7.595819006382953376e-04 4.805009230040013790e-04
6.831276459706714377e-04 4.848210664931684732e-04
8.004456889466382346e-04 7.135979831218719482e-04
6.500370542198652618e-04 5.401559174060821533e-04
6.890317468787543692e-04 8.007550495676696301e-04
7.132698458008235754e-04 4.293704405426979065e-04
6.486080219474388286e-04 4.841004847548902035e-04
6.163477304653497196e-04 3.968171658925712109e-04
6.345717931253603162e-04 5.388293066062033176e-04
6.798039445129689046e-04 4.984205588698387146e-04
7.094639007846126116e-04 5.657364381477236748e-04
5.748573741584551023e-04 5.522200372070074081e-04
7.368280636001145684e-04 7.576250354759395123e-04
5.562813541473588409e-04 4.043788067065179348e-04
6.819214766437653018e-04 3.777103265747427940e-04
5.967093260551336936e-04 4.306728078518062830e-04
5.583703561569564478e-04 9.035054827108979225e-04
6.203981185535667898e-04 4.071307484991848469e-04
7.601999008329584978e-04 4.697724361903965473e-04
4.623471075319685150e-04 4.445389786269515753e-04
5.647610218147747002e-04 3.826721222139894962e-04
5.316370703440043361e-04 4.440105403773486614e-04
5.023726942454231469e-04 4.437541647348552942e-04
5.654589691403089308e-04 4.961597733199596405e-04
7.150443892896873660e-04 6.011904915794730186e-04
5.674104493664344339e-04 5.543393199332058430e-04
4.838697259401669726e-04 3.787302994169294834e-04
5.749904441472609030e-04 3.233323513995856047e-04
4.748472674691583961e-04 3.918483271263539791e-04
4.633311786164995066e-04 7.110885344445705414e-04
4.761260126542765539e-04 3.894127439707517624e-04
4.289744845664245185e-04 4.905950045213103294e-04
3.813211693341145509e-04 3.318449598737061024e-04
4.196670537567115172e-04 5.137577536515891552e-04
5.781087891591595983e-04 9.388175094500184059e-04
7.127034077711869031e-04 5.644115153700113297e-04
4.535895757726393748e-04 2.592130622360855341e-04
4.255637444657622620e-04 3.881770535372197628e-04
3.744319512406946051e-04 2.955943928100168705e-04
3.919009923265548423e-04 2.919167745858430862e-04
4.144182403251761571e-04 5.863347323611378670e-04
4.350821491243550554e-04 3.659807844087481499e-04
4.468051070944057063e-04 3.909129591193050146e-04
4.452076120287529084e-04 4.628218594007194042e-04
3.625706594903022051e-04 2.615071425680071115e-04
3.283342108261422471e-04 2.347613626625388861e-04
3.599744863095110997e-04 3.185981768183410168e-04
4.499827467952854715e-04 6.641062209382653236e-04
4.270510276910499886e-04 2.539043780416250229e-04
4.669239235226996135e-04 2.977036929223686457e-04
4.518268762694788057e-04 3.762276901397854090e-04
4.868910040386253751e-04 4.076759214513003826e-04
3.747593749721999995e-04 3.084288036916404963e-04
4.070648023116518526e-04 2.582556917332112789e-04
3.534342040438787080e-04 4.480532370507717133e-04
4.351466392108705112e-04 3.151057171635329723e-04
3.519147241604514312e-04 3.990334807895123959e-04
3.476976946330978427e-04 4.358151054475456476e-04
3.425184209845611111e-04 2.591174270492047071e-04
3.821331443759845787e-04 3.731295873876661062e-04
4.519542011621524363e-04 3.222220693714916706e-04
3.662637074739904966e-04 2.604419132694602013e-04
3.055716468225000535e-04 2.967016480397433043e-04
4.244583262334344800e-04 7.932835142128169537e-04
3.403708173209451853e-04 2.427517028991132975e-04
3.293816180303110741e-04 2.909879549406468868e-04
3.508626457914942984e-04 2.141342702088877559e-04
5.750836666265968017e-04 3.576368908397853374e-04
3.660176571429474279e-04 7.540007936768233776e-04
3.906257376002031595e-04 5.442389519885182381e-04
3.675766383821610361e-04 3.038374998141080141e-04
3.173245382640743845e-04 1.894927117973566055e-04
3.251525493396911879e-04 2.480959519743919373e-04
3.169004843584843694e-04 1.869156694738194346e-04
2.807374670737772032e-04 5.691955448128283024e-04
3.999627768280333948e-04 2.648594672791659832e-04
3.031345393537776653e-04 3.616044414229691029e-04
2.605386152936262079e-04 1.826297084335237741e-04
3.305575497506652244e-04 2.376330521656200290e-04
2.937489482064847726e-04 2.470326144248247147e-04
3.707763420607079535e-04 2.760763745754957199e-04
4.991803500161041008e-04 7.067132974043488503e-04
3.167640095853130442e-04 4.325200279708951712e-04
2.969357361507718668e-04 1.707243791315704584e-04
2.671278520210762291e-04 1.594940258655697107e-04
3.693509757795254917e-04 3.192575532011687756e-04
3.233484289012267037e-04 2.175469417124986649e-04
3.043513703232747719e-04 2.639885351527482271e-04
2.723483936279081025e-04 2.095226227538660169e-04
3.270299399446230599e-04 2.107892214553430676e-04
2.593016883110976561e-04 2.006742142839357257e-04
2.820982546836603324e-04 2.781789225991815329e-04
2.803373663482489064e-04 2.439157542539760470e-04
3.095959440543083257e-04 4.016776510979980230e-04
3.006611765158595734e-04 1.766247005434706807e-04
2.685573812414076894e-04 2.270269469590857625e-04
2.908432927142712179e-04 1.511601585661992431e-04
2.825002156896516681e-04 1.964042166946455836e-04
3.072987825362361253e-04 2.335404569748789072e-04
2.941648823252762885e-04 1.876081369118764997e-04
2.692259662580908991e-04 1.783242769306525588e-04
2.409223714494146515e-04 1.684514281805604696e-04
4.162094859566422894e-04 3.690085140988230705e-04
3.090252523179515157e-04 3.193494630977511406e-04
2.980900653710705228e-04 3.555275616236031055e-04
3.110448629740858667e-04 1.597316731931641698e-04
2.375376143390894867e-04 2.083557628793641925e-04
2.653244733664905869e-04 2.333323209313675761e-04
2.319300074304919690e-04 2.332824078621342778e-04
2.873344212275696810e-04 3.153363650199025869e-04
2.514122728825895830e-04 1.683034060988575220e-04
2.928139849245780971e-04 3.188221598975360394e-04
2.434390497001004514e-04 1.506434637121856213e-04
2.458813576595275771e-04 2.063317660940811038e-04
2.869170984922675416e-04 1.777110592229291797e-04
2.822447026119334406e-04 1.718309504212811589e-04
2.098452365316916203e-04 1.444965309929102659e-04
2.653390993145876564e-04 2.106365718645974994e-04
2.856111506844172146e-04 2.062545681837946177e-04
2.459228799125412479e-04 2.499458205420523882e-04
3.004296395374694839e-04 4.352616961114108562e-04
3.295117454399587803e-04 1.734219258651137352e-04
2.488918817107332870e-04 3.623783995863050222e-04
2.781998569844290831e-04 2.323266089661046863e-04
2.744467679804074795e-04 1.536336785648018122e-04
3.064887256186921366e-04 2.448619343340396881e-04
2.459833305692882169e-04 1.998503721551969647e-04
2.274018052958126591e-04 1.883922668639570475e-04
2.493805623089428991e-04 1.889867271529510617e-04
2.303575640326016474e-04 2.118856209563091397e-04
2.285696422404726090e-04 1.821767800720408559e-04
2.967112317492137446e-04 2.493788488209247589e-04
2.238373197542387169e-04 1.684117160039022565e-04
2.364257750741671879e-04 2.077709359582513571e-04
2.477075962815433524e-04 1.680392597336322069e-04
2.489693340976373401e-04 1.582549448357895017e-04
2.487438385287532691e-04 1.582397089805454016e-04
1.935159463755553480e-04 1.223977451445534825e-04
2.506768793864466607e-04 1.491665752837434411e-04
2.122977381986856818e-04 1.477672776672989130e-04
3.053269454539986436e-04 1.682656584307551384e-04
2.326610265299677849e-04 1.301164884353056550e-04
2.366376460486208143e-04 2.090982161462306976e-04
2.288562200192245655e-04 1.313820976065471768e-04
1.987925785215338638e-04 2.102920261677354574e-04
2.382396931352559586e-04 1.890007843030616641e-04
2.310178269908647053e-04 1.977824576897546649e-04
2.690687018912285349e-04 2.602821623440831900e-04
2.774744336420553628e-04 6.507138605229556561e-04
5.679953419530647807e-04 1.846610393840819597e-04
2.128861637174850384e-04 1.355456333840265870e-04
2.027278764217044281e-04 1.376728469040244818e-04
2.156242666387697736e-04 1.780997117748484015e-04
2.130604214471532140e-04 1.437025202903896570e-04
1.983811032914673087e-04 1.360886235488578677e-04
2.208485851042496615e-04 1.458183105569332838e-04
2.128383521267096512e-04 1.153023913502693176e-04
2.079150712233968133e-04 1.382050249958410859e-04
2.002584171350463185e-04 1.265623723156750202e-04
1.919570805512194002e-04 1.738344290060922503e-04
2.736640586590511010e-04 2.790722064673900604e-04
2.473084385201218646e-04 1.352607796434313059e-04
2.112607307935832068e-04 2.138914569513872266e-04
1.857812195339647533e-04 1.504154206486418843e-04
1.956880961188289748e-04 1.260756689589470625e-04
1.898736739349260569e-04 1.261264842469245195e-04
2.088645336698391529e-04 1.686822215560823679e-04
2.508382116502616338e-04 1.304197066929191351e-04
3.234401021472876783e-04 1.378789311274886131e-04
1.898378231089736855e-04 1.345862838206812739e-04
2.342936222703428939e-04 2.961255086120218039e-04
2.170221392589155530e-04 1.689804776106029749e-04
2.113331251166528145e-04 1.532324822619557381e-04
1.979425309400539899e-04 1.301181910093873739e-04
1.852085452810570078e-04 1.768571528373286128e-04
1.835954187299648657e-04 1.278938434552401304e-04
2.274085603858111480e-04 2.405765990260988474e-04
2.299644763297692299e-04 1.227699394803494215e-04
1.815631489080260562e-04 1.339742157142609358e-04
1.975298315301188214e-04 1.401865883963182569e-04
2.114261970746156240e-04 4.640533588826656342e-04
2.605106228656950407e-04 2.348989073652774096e-04
2.144792673789197633e-04 3.060640301555395126e-04
2.120050337907741886e-04 1.509940339019522071e-04
1.885571956336207168e-04 1.565080601722002029e-04
2.087136089357954970e-04 1.702591398498043418e-04
2.064677428279537708e-04 1.423145149601623416e-04
2.506093078409321606e-04 1.811567053664475679e-04
2.126505943124357091e-04 2.103558799717575312e-04
1.875183847914740909e-04 1.458640035707503557e-04
1.798666366084944511e-04 1.256120885955169797e-04
1.831262977248115822e-04 1.338732690783217549e-04
1.944256428942026051e-04 1.847420353442430496e-04
2.307457694769254831e-04 1.422755012754350901e-04
2.221918320174154414e-04 1.080366564565338194e-04
1.763898441822675414e-04 1.749266375554725528e-04
2.113830802045413239e-04 1.488255511503666639e-04
2.026987406679836676e-04 1.274081150768324733e-04
1.776440682078828050e-04 1.179390237666666508e-04
1.879505390206759276e-04 2.030727191595360637e-04
2.805019716106471389e-04 4.318698775023221970e-04
1.931037892973108574e-04 1.707099436316639185e-04
1.844727620664343758e-04 1.273578382097184658e-04
1.907418667542515377e-04 2.584907342679798603e-04
1.855843612247554065e-04 1.814169663703069091e-04
1.912353118314058520e-04 1.227610919158905745e-04
1.650157397307339070e-04 1.360566529911011457e-04
1.727358568132331075e-04 1.378134475089609623e-04
2.076341546853655072e-04 1.280469296034425497e-04
2.140328596397012061e-04 1.373965351376682520e-04
1.637876496715762295e-04 1.653161889407783747e-04
1.737482747557805905e-04 1.838366297306492925e-04
1.784569016308523769e-04 1.753327960614115000e-04
1.882863451101002392e-04 1.523224200354889035e-04
1.836916119827947222e-04 1.367229997413232923e-04
1.816859858990937883e-04 1.319248985964804888e-04
1.825738361731055301e-04 1.363476330880075693e-04
1.709645135633763803e-04 1.397692103637382388e-04
2.173805021811858859e-04 1.390573888784274459e-04
1.943606739587266929e-04 1.320906303590163589e-04
1.689948451712553032e-04 1.426664239261299372e-04
1.762296931701712419e-04 1.781650062184780836e-04
1.930998720126808567e-04 1.924006937770172954e-04
1.760337387167965008e-04 1.127564246417023242e-04
1.753820206431555562e-04 1.106809140765108168e-04
1.603464580512081684e-04 1.022083597490563989e-04
1.629071325623954181e-04 1.219646073877811432e-04
1.732266480757971403e-04 1.107763746404089034e-04
1.834673289522470441e-04 1.280061987927183509e-04
1.868658042440074442e-04 1.092660968424752355e-04
1.810739840038877500e-04 1.134710473706945777e-04
1.948867262399289703e-04 1.165356225101277232e-04
1.744412129482952878e-04 1.205331427627243102e-04
1.671308421464345992e-04 1.121910536312498152e-04
2.097720310302975230e-04 1.370703394059091806e-04
1.599873529812612159e-04 1.066554832505062222e-04
1.650377675105119178e-04 1.169763418147340417e-04
1.837961799537879415e-04 1.013196306303143501e-04
1.610574749065563137e-04 1.079332578228786588e-04
1.780544512257620227e-04 1.467552210669964552e-04
1.866471814537362770e-04 1.591801701579242945e-04
1.922625146107748205e-04 1.248563930857926607e-04
1.533402195491362417e-04 1.691963407211005688e-04
1.596616741153411459e-04 1.217107419506646693e-04
1.700791677649249269e-04 1.325008051935583353e-04
1.674128654485684711e-04 1.489691640017554164e-04
1.777506928192451542e-04 1.565779530210420489e-04
1.730245677208586076e-04 1.417147286701947451e-04
1.631360453757224713e-04 1.205154912895523012e-04
1.604574730663443970e-04 1.621182454982772470e-04
1.688709801783261463e-04 1.397991145495325327e-04
1.572186974954092875e-04 1.270147622562944889e-04
1.712143413897137981e-04 1.561742974445223808e-04
1.617053124391532146e-04 1.119184889830648899e-04
1.737014561513206099e-04 1.311922678723931313e-04
1.831789732023025863e-04 3.696296480484306812e-04
1.791809895621554460e-04 1.158001250587403774e-04
1.608764113370853065e-04 1.233040820807218552e-04
1.554558732095756460e-04 1.253335649380460382e-04
1.550066795061866287e-04 1.040346251102164388e-04
1.660400084801949561e-04 1.169998431578278542e-04
1.541128434837446602e-04 1.182542328024283051e-04
1.577680633999989260e-04 9.811762720346450806e-05
1.656969919167750158e-04 1.158243539975956082e-04
1.879117246971873209e-04 9.984728239942342043e-05
1.573387528878811390e-04 1.080395450117066503e-04
1.507796385340043452e-04 1.105476403608918190e-04
1.741322918860532701e-04 1.623950374778360128e-04
1.700452745353686569e-04 1.347076322417706251e-04
1.600314149982295876e-04 1.050455757649615407e-04
1.503117624451988322e-04 9.315747593063861132e-05
1.599719548721623141e-04 1.012951615848578513e-04
1.579531994138960781e-04 1.148498049587942660e-04
1.595543601069948528e-04 1.657648972468450665e-04
1.753220887621864568e-04 1.112130339606665075e-04
1.545672371321415994e-04 1.955636835191398859e-04
1.720107197797915433e-04 1.564195845276117325e-04
1.585850870469584953e-04 9.246521949535235763e-05
1.643824230995960479e-04 1.329068327322602272e-04
1.665199337367084863e-04 1.089814250008203089e-04
1.653481809626100531e-04 1.116484636440873146e-04
1.521827188298630117e-04 1.487596164224669337e-04
1.547812359603994883e-04 1.178314196295104921e-04
1.491662957960215754e-04 9.782760025700554252e-05
1.535765089101914890e-04 1.386016374453902245e-04
1.539477167170843987e-04 9.684085671324282885e-05
1.642349959183775246e-04 1.456585741834715009e-04
1.490253456722712198e-04 9.255837358068674803e-05
1.505811987044580801e-04 1.120024389820173383e-04
1.620168020053824767e-04 1.249228953383862972e-04
1.496273137490789049e-04 1.085839248844422400e-04
1.480369301134487614e-04 9.313118789577856660e-05
1.577104477291868480e-04 1.063675590557977557e-04
1.548155066302569940e-04 9.289659647038206458e-05
1.512202538833662402e-04 1.680759160080924630e-04
1.556882159093220144e-04 9.906658669933676720e-05
1.532752197817899341e-04 9.829168993746861815e-05
1.517611627605219783e-04 1.268435589736327529e-04
1.526300240584532622e-04 1.105508199543692172e-04
1.631242204894078787e-04 1.111034071072936058e-04
1.670259078309754949e-04 1.142010660259984434e-04
1.507371578554739353e-04 1.094659237423911691e-04
1.446972939447732534e-04 1.037285182974301279e-04
1.547128419588261641e-04 1.301865995628759265e-04
1.622157603378582172e-04 9.990642138291150331e-05
1.429947996257396935e-04 1.098581851692870259e-04
1.712166598736075739e-04 9.131339902523905039e-05
1.715972369311202892e-04 1.095846964744850993e-04
1.502199738752096891e-04 1.513395254733040929e-04
1.462232044104894157e-04 1.319239090662449598e-04
1.413613904333033133e-04 1.045389799401164055e-04
1.434981692909786835e-04 9.960958414012566209e-05
1.404873975843656700e-04 1.062328665284439921e-04
1.567980046274897285e-04 1.076285043382085860e-04
1.415693484887015183e-04 1.023345175781287253e-04
1.444857179194514228e-04 9.418449189979583025e-05
1.416829632034932729e-04 9.429240890312939882e-05
1.392778046465536937e-04 1.144185516750440001e-04
1.461440387174661791e-04 8.687392983119934797e-05
1.404772065143333748e-04 8.979190897662192583e-05
1.422933082722011022e-04 9.320427489001303911e-05
1.503371152466570601e-04 1.163153574452735484e-04
1.444133240511291660e-04 1.232690556207671762e-04
1.573647654367960112e-04 9.502470493316650391e-05
1.517649533525400384e-04 9.596384188625961542e-05
1.453046660571999436e-04 1.008322142297402024e-04
1.926465314681991058e-04 2.116960677085444331e-04
1.689872559836658238e-04 1.046468751155771315e-04
1.387151211019954590e-04 9.844745363807305694e-05
1.471330054300779120e-04 1.160068786703050137e-04
1.372565938254410921e-04 8.580693975090980530e-05
1.402162681188201423e-04 9.335308277513831854e-05
1.457297479646513293e-04 1.119207954616285861e-04
1.381099528771301212e-04 8.688253728905692697e-05
1.464532748286728693e-04 9.799570398172363639e-05
1.375896220451977678e-04 1.189619797514751554e-04
1.366973695439810507e-04 9.254906035494059324e-05
1.512770883891789600e-04 1.392504782415926456e-04
1.475016355470870676e-04 1.112314203055575490e-04
1.361666018055984750e-04 9.203548688674345613e-05
1.350094978079141475e-04 8.824814722174778581e-05
1.400209383064066168e-04 9.104786295210942626e-05
1.486038005168666078e-04 9.051400411408394575e-05
1.434792228792503065e-04 1.565463608130812645e-04
1.534759693640808163e-04 1.166541260317899287e-04
1.423662952220183797e-04 8.842339593684300780e-05
1.410869484061549992e-04 8.771453576628118753e-05
1.433866297702479533e-04 1.000161282718181610e-04
1.386759443448681958e-04 1.112630561692640185e-04
1.401136310050787870e-04 9.466063056606799364e-05
1.447882069442130105e-04 8.573263039579614997e-05
1.352102163764357047e-04 1.030764906317926943e-04
1.418849229594343288e-04 9.210943244397640228e-05
1.337650716777716189e-04 1.014049412333406508e-04
1.589780022186459973e-04 1.141312095569446683e-04
1.401867411004786900e-04 9.801950363907963037e-05
1.330629435869923219e-04 9.353314817417412996e-05
1.418347995240765267e-04 8.559225534554570913e-05
1.432325779205712078e-04 8.678105950821191072e-05
1.403658693561737891e-04 1.046172474161721766e-04
1.358917500510870122e-04 9.575496369507163763e-05
1.380655367938743384e-04 8.328662079293280840e-05
1.373887586851196721e-04 9.395420784130692482e-05
1.397543210259755142e-04 9.365763980895280838e-05
1.366015968415012995e-04 8.417454228037968278e-05
1.369636239360261189e-04 1.012530046864412725e-04
1.334015963038837180e-04 8.973001240519806743e-05
1.401894165610428845e-04 1.342274626949802041e-04
1.429226024811214410e-04 9.116251749219372869e-05
1.387977246849913973e-04 1.068011188181117177e-04
1.383162531055859236e-04 9.015733667183667421e-05
1.485481877352867633e-04 9.354868961963802576e-05
1.417320199834648520e-04 9.628974657971411943e-05
1.328395546806859784e-04 9.426703763892874122e-05
1.371234438011015354e-04 1.127736395574174821e-04
1.443201849724573549e-04 1.086770571419037879e-04
1.329243275904446017e-04 9.489726653555408120e-05
1.393229287714348066e-04 9.280352242058143020e-05
1.463261187382158823e-04 9.001630678540095687e-05
1.306016799389908447e-04 1.034948072629049420e-04
1.373113872432441039e-04 1.322495518252253532e-04
1.375358855511876809e-04 9.281803795602172613e-05
1.366653623335878365e-04 9.502414468443021178e-05
1.329592772890464457e-04 8.742739737499505281e-05
1.346288764580094667e-04 1.066392069333232939e-04
1.354188085315399749e-04 1.254177768714725971e-04
1.296530934268958044e-04 9.059593139681965113e-05
1.353970623313216547e-04 8.400790829909965396e-05
1.387633521517272930e-04 9.183511429000645876e-05
1.292409770940139370e-04 1.224024163093417883e-04
1.355862545096897574e-04 1.125296475947834551e-04
1.328126418229658157e-04 9.572041744831949472e-05
1.351835468085482662e-04 9.101937030209228396e-05
1.303123513935133761e-04 1.061402508639730513e-04
1.359317298920359408e-04 8.991286449600011110e-05
1.329788126895437126e-04 1.021377247525379062e-04
1.345716590549273005e-04 8.594577229814603925e-05
1.267674300834187361e-04 1.183647691505029798e-04
1.300480909776524532e-04 9.225953544955700636e-05
1.308956141656381186e-04 8.647579670650884509e-05
1.327268530985748038e-04 1.300956500926986337e-04
1.302803848375333473e-04 1.045388489728793502e-04
1.328938353253761198e-04 1.038149130181409419e-04
1.362937527119356727e-04 1.084003451978787780e-04
1.333261511717864778e-04 9.085076453629881144e-05
1.321498256402264869e-04 1.287323248106986284e-04
1.322133148278226145e-04 8.993149822345003486e-05
1.241859912624931948e-04 9.113063424592837691e-05
1.296653719691675979e-04 8.783016528468579054e-05
1.258283746210508980e-04 8.754491864237934351e-05
1.262671347831201328e-04 8.990003698272630572e-05
1.333652083303604849e-04 1.042312796926125884e-04
1.256686769011139404e-04 9.133550338447093964e-05
1.270995620870962793e-04 9.653621964389458299e-05
1.290381696890108287e-04 1.057606277754530311e-04
1.359487951049231924e-04 1.221324200741946697e-04
1.283559470721229554e-04 8.460796379949897528e-05
1.293412722588982542e-04 9.713128383737057447e-05
1.277057512197643573e-04 9.484098700340837240e-05
1.239614125552179758e-04 8.908133895602077246e-05
1.231866194757458288e-04 8.585963223595172167e-05
1.274224598091677654e-04 1.081478403648361564e-04
1.304496783632202897e-04 9.638613846618682146e-05
1.300638087741390282e-04 8.727271779207512736e-05
1.267379407181579154e-04 8.325805538333952427e-05
1.272215366952878012e-04 8.723904466023668647e-05
1.282399077354057118e-04 9.305686398874968290e-05
1.342292298431857489e-04 8.318949403474107385e-05
1.260188460037170444e-04 8.910425094654783607e-05
1.229220035384059775e-04 9.045649494510143995e-05
1.216387258864415344e-04 8.584206807427108288e-05
1.287036670873931143e-04 9.675254841567948461e-05
1.268903175514424166e-04 1.031482825055718422e-04
1.256809804544900598e-04 8.738964970689266920e-05
1.218291557051998070e-04 9.371573105454444885e-05
1.266246741579379832e-04 8.808474376564845443e-05
1.293177407205803266e-04 1.211658454849384725e-04
1.248157939699012895e-04 8.593006350565701723e-05
1.208428790960169890e-04 8.854323095874860883e-05
1.273553848477604333e-04 1.002180506475269794e-04
1.219290745211765197e-04 1.160765168606303632e-04
1.271377323973865660e-04 9.390982449986040592e-05
1.218999493175942944e-04 8.491347398376092315e-05
1.228886399076145608e-04 8.524382428731769323e-05
1.229449837410356741e-04 8.808333950582891703e-05
1.239161113517184385e-04 8.679217717144638300e-05
1.200902481286902939e-04 8.551334030926227570e-05
1.221386144607095156e-04 1.102656824514269829e-04
1.217502663166669663e-04 8.639835141366347671e-05
1.253542995982570574e-04 1.040865536197088659e-04
1.233221340953605304e-04 8.731194247957319021e-05
1.293151046411367025e-04 8.244083437602967024e-05
1.268706466362345855e-04 8.287156379083171487e-05
1.203853178594727042e-04 9.021712321555241942e-05
1.200193190925347207e-04 8.598206477472558618e-05
1.163369188361684792e-04 8.651656389702111483e-05
1.209791405017313109e-04 8.505254663759842515e-05
1.197559534375613994e-04 1.010892301565036178e-04
1.259241638763342107e-04 8.373121818294748664e-05
1.194502978250966462e-04 8.933680510381236672e-05
1.199124876620771829e-04 1.007025130093097687e-04
1.288376747652364429e-04 8.348324627149850130e-05
1.164148673524323358e-04 9.609551489120349288e-05
1.217919225382502191e-04 8.894082566257566214e-05
1.181531919428380260e-04 9.409021004103124142e-05
1.202858807573647910e-04 8.615321712568402290e-05
1.192002934658376061e-04 8.252020052168518305e-05
1.183729467811645063e-04 8.643755427328869700e-05
1.177072517748456448e-04 8.176638220902532339e-05
1.161661682090198183e-04 8.291834819829091430e-05
1.175341162706899922e-04 9.227053669746965170e-05
1.206199047373956974e-04 8.144362072926014662e-05
1.224825688950659133e-04 9.221435902873054147e-05
1.261489553144201528e-04 8.557141700293868780e-05
1.166027702311112107e-04 9.204344678437337279e-05
1.182973463983216843e-04 8.070759940892457962e-05
1.173419973383715842e-04 8.641974272904917598e-05
1.178077302938618204e-04 7.913574518170207739e-05
1.153852227616880500e-04 8.214772969949990511e-05
1.148572571764816503e-04 8.577419066568836570e-05
1.164098717708839049e-04 9.266658889828249812e-05
1.150162725025438704e-04 8.853783947415649891e-05
1.162163995104492588e-04 9.553508425597101450e-05
1.150607056843000437e-04 8.427162538282573223e-05
1.130003623984521309e-04 9.656146721681579947e-05
1.198181937979825280e-04 9.998252062359824777e-05
1.155986033154476900e-04 8.045837603276595473e-05
1.152815912973892355e-04 8.953219366958364844e-05
1.214233198879810462e-04 8.829387661535292864e-05
1.174257806269452003e-04 1.066765616997145116e-04
1.169826528894191088e-04 8.289275865536183119e-05
1.160751376119151246e-04 8.913187775760889053e-05
1.182004682050319416e-04 8.366578549612313509e-05
1.151039534306619343e-04 8.053786586970090866e-05
1.167424100458447329e-04 9.146862430498003960e-05
1.192122183965693667e-04 1.019076589727774262e-04
1.138116592301230439e-04 8.481348049826920033e-05
1.148504762568336392e-04 8.969064947450533509e-05
1.147013905210769681e-04 8.199914009310305119e-05
1.140419016337546108e-04 9.109977690968662500e-05
1.125144914112752249e-04 9.209835116053000093e-05
1.117943236749852049e-04 7.961073424667119980e-05
1.136859751568408629e-04 7.886268576839938760e-05
1.214461249219311867e-04 8.798531780485063791e-05
1.151230679170112098e-04 9.712418250273913145e-05
1.132515782956033972e-04 9.441721340408548713e-05
1.108092785216285874e-04 7.551653834525495768e-05
1.114219859118747936e-04 8.645404886920005083e-05
1.122801912060822333e-04 8.503908611601218581e-05
1.122853186643624213e-04 9.025521285366266966e-05
1.115649192797718570e-04 8.511727355653420091e-05
1.237946435139747337e-04 8.729821274755522609e-05
1.112719534830830553e-04 7.946090045152232051e-05
1.097218239920039168e-04 9.015417163027450442e-05
1.128728917137777953e-04 9.100990428123623133e-05
1.124342615185014492e-04 1.091835802071727812e-04
1.135226941187283983e-04 8.280035399366170168e-05
1.101354027923662215e-04 8.036648796405643225e-05
1.133046302129514570e-04 8.649755181977525353e-05
1.103235083064646487e-04 9.584246436133980751e-05
1.116786794227664305e-04 8.186166814994066954e-05
1.101435316741117249e-04 8.112843352137133479e-05
1.095499665098031983e-04 7.627172453794628382e-05
1.138279564656841130e-04 1.080070869647897780e-04
1.137911651312606436e-04 8.353897283086553216e-05
1.082774933820473962e-04 8.415518095716834068e-05
1.120352681027725339e-04 8.057621016632765532e-05
1.116679979531909366e-04 8.314363367389887571e-05
1.118402645261085099e-04 7.644311699550598860e-05
1.084866818928276216e-04 8.817859634291380644e-05
1.135499997872102486e-04 8.300787885673344135e-05
1.083549463146482649e-04 8.870864985510706902e-05
1.126298132476222209e-04 1.067647826857864857e-04
1.129016191953269245e-04 8.289555262308567762e-05
1.081224041627137868e-04 9.294649498770013452e-05
1.074427763342100715e-04 8.153406815836206079e-05
1.099692106436123113e-04 8.369474380742758512e-05
1.109291356442554388e-04 8.135308598866686225e-05
1.077444670045224457e-04 7.820839527994394302e-05
1.084615287254564464e-04 8.473137859255075455e-05
1.072393965841911267e-04 8.106194582069292665e-05
1.073546511179301915e-04 8.271545084426179528e-05
1.069408369403390707e-04 7.923060911707580090e-05
1.064370596395747298e-04 8.697408338775858283e-05
1.103258559851383325e-04 9.721104288473725319e-05
1.076715460840205251e-04 7.627362356288358569e-05
1.065557516085391453e-04 8.655413694214075804e-05
1.055863096553366658e-04 8.831308514345437288e-05
1.108197086978179841e-04 8.441745012532919645e-05
1.091213759082165834e-04 8.675352000864222646e-05
1.100720755857764743e-04 8.255656575784087181e-05
1.065792552253697122e-04 8.136928954627364874e-05
1.061243553522217580e-04 9.080057498067617416e-05
1.066449767677113414e-04 7.816695870133116841e-05
1.070598473233985715e-04 8.576169784646481276e-05
1.078097110621456577e-04 7.945450488477945328e-05
1.059925290974206318e-04 9.381322888657450676e-05
1.059785274264868376e-04 9.232502634404227138e-05
1.057921002939110676e-04 8.296950545627623796e-05
1.054891822604986373e-04 7.608720625285059214e-05
1.071211230737390051e-04 8.338244515471160412e-05
1.067799311385897508e-04 7.727891352260485291e-05
1.067803046680637581e-04 8.513270586263388395e-05
1.027714271913282600e-04 7.730493234703317285e-05
1.035304061588249224e-04 8.202649041777476668e-05
1.100849624890543028e-04 9.509987285127863288e-05
1.067538411007262712e-04 8.496182999806478620e-05
1.124314190747099874e-04 7.969368016347289085e-05
1.059125143910932766e-04 8.293764403788372874e-05
1.063078705556108589e-04 8.773279114393517375e-05
1.051467976139974726e-04 9.293587208958342671e-05
1.058946492776158293e-04 7.442782225552946329e-05
1.064743273673229851e-04 7.628435560036450624e-05
1.035793330629530774e-04 7.872129936004057527e-05
1.062133436789736206e-04 8.024919952731579542e-05
1.044190757966134697e-04 7.587275467813014984e-05
1.030925055147235953e-04 7.446263043675571680e-05
1.051172227562346988e-04 8.547476318199187517e-05
1.065941557499172659e-04 8.170517685357481241e-05
1.042302529640437515e-04 8.365810936084017158e-05
1.037576687849650598e-04 8.022369729587808251e-05
1.021052853502624203e-04 8.545678429072722793e-05
1.028876976306492051e-04 8.136410906445235014e-05
1.031397170663694878e-04 8.403204992646351457e-05
1.043500273226527551e-04 7.463137444574385881e-05
1.027697881454514545e-04 8.088545291684567928e-05
1.021523517010791693e-04 9.087504440685734153e-05
1.028519338433397961e-04 9.129570389632135630e-05
1.033368562275427394e-04 7.942465890664607286e-05
1.032240410495433079e-04 8.302120113512501121e-05
1.018694651975238230e-04 7.536060002166777849e-05
1.038236327985941898e-04 8.343024092027917504e-05
1.028951452099136023e-04 8.339237683685496449e-05
1.003174418656271855e-04 7.650976476725190878e-05
1.030958204864873605e-04 8.996250107884407043e-05
1.025717124321090523e-04 7.839190948288887739e-05
1.005509003334736863e-04 7.624120917171239853e-05
1.034056602293276201e-04 8.158706623362377286e-05
1.042865922499913695e-04 7.684779120609164238e-05
1.014813092751865015e-04 7.843072671676054597e-05
1.012630803870706532e-04 7.965832628542557359e-05
1.014853849483188215e-04 8.671861723996698856e-05
1.011165892123244649e-04 7.273150549735873938e-05
1.010932194731140016e-04 8.559486741432920098e-05
1.024076615976810017e-04 8.757382602198049426e-05
1.019629754409834223e-04 8.348240226041525602e-05
1.029638443469593713e-04 7.843277853680774570e-05
1.026450760491570745e-04 8.527505269739776850e-05
1.010835054330527728e-04 8.679895836394280195e-05
1.018489158923330224e-04 7.709683268330991268e-05
1.020445298308914007e-04 8.307893585879355669e-05
1.049634670835075640e-04 8.064819121500477195e-05
1.009053915822732907e-04 9.159022738458588719e-05
1.004669136818847592e-04 8.052455814322456717e-05
1.026164725772105130e-04 8.176018309313803911e-05
1.010119151942490107e-04 8.125881140585988760e-05
9.957896545529366082e-05 8.230109233409166336e-05
1.007426204523653669e-04 7.961875235196202993e-05
9.890741885101305710e-05 7.765991176711395383e-05
1.017618224068428390e-04 7.510918658226728439e-05
9.942624801624333215e-05 9.908650827128440142e-05
1.044215758156497004e-04 8.495476504322141409e-05
9.860322925305808352e-05 8.234412234742194414e-05
9.907576336445344536e-05 7.963024108903482556e-05
1.016057502965850344e-04 8.720631740288808942e-05
1.043577190557698459e-04 7.753873069304972887e-05
9.987522744268063067e-05 9.229168063029646873e-05
9.948947567863796761e-05 7.972079765750095248e-05
1.022197692691406755e-04 8.068921306403353810e-05
9.827743888308759508e-05 7.948827988002449274e-05
1.002588184292108108e-04 7.704048039158806205e-05
9.852112561929971251e-05 7.798557635396718979e-05
9.878276714516686665e-05 8.240855822805315256e-05
9.879791928142367125e-05 8.086875459412112832e-05
1.018967575873830329e-04 8.371076546609401703e-05
1.003089208097662750e-04 8.093105861917138100e-05
9.822756446737912212e-05 7.753560930723324418e-05
9.933626943166018193e-05 8.200547017622739077e-05
9.944882394847809066e-05 7.962826930452138186e-05
9.707811236694396397e-05 7.810546958353370428e-05
1.000735473098757265e-04 7.992009341251105070e-05
9.755766168382252177e-05 8.087614696705713868e-05
1.000572309749259202e-04 7.758910214761272073e-05
9.743445725689525987e-05 8.500014519086107612e-05
9.662848806328838962e-05 7.897226896602660418e-05
9.906055020110215721e-05 7.594966155011206865e-05
9.880397951746999210e-05 9.042779129231348634e-05
1.002363762381719452e-04 8.517777314409613609e-05
9.838326086537562971e-05 7.829374953871592879e-05
9.780342288649990494e-05 7.255461241584271193e-05
9.750396839081076905e-05 8.315152808791026473e-05
9.845925324043491584e-05 8.721124322619289160e-05
9.837853676799567806e-05 7.779039151500910521e-05
9.660503228587913056e-05 8.117347897496074438e-05
9.727216297505947296e-05 7.954068132676184177e-05
9.766472076080389710e-05 8.599867578595876694e-05
9.985820438487280084e-05 7.851482223486527801e-05
9.821365269999660628e-05 8.882732072379440069e-05
9.696502838778542626e-05 8.282906492240726948e-05
1.006318035251751954e-04 7.810641545802354813e-05
9.714312345749931139e-05 8.063916902756318450e-05
9.748403517733095485e-05 7.995580381248146296e-05
9.694093446341867635e-05 8.076848462224006653e-05
9.877111274363415121e-05 7.888496475061401725e-05
9.606548546798876216e-05 7.718835695413872600e-05
9.597624566595185937e-05 8.626469934824854136e-05
9.682889167379471202e-05 7.575153722427785397e-05
9.648675199969147798e-05 8.068518218351528049e-05
9.784012854652246460e-05 8.403065294260159135e-05
9.737979089550208842e-05 8.838558278512209654e-05
9.953337848855881020e-05 8.125258318614214659e-05
9.778626631486985756e-05 7.934295717859640718e-05
9.767259052750887349e-05 7.916960021248087287e-05
9.581802969478303296e-05 8.107764006126672029e-05
9.551231505611212924e-05 8.446087304037064314e-05
9.583764649505610849e-05 8.579817222198471427e-05
9.629521509850747223e-05 7.568513683509081602e-05
9.597329444659408453e-05 7.854602154111489654e-05
9.751451643751352365e-05 7.965147960931062698e-05
9.470863224123605138e-05 7.632385677425190806e-05
9.629117876102100397e-05 7.634781650267541409e-05
9.598608521628193286e-05 7.783275214023888111e-05
9.527573683953960426e-05 7.842983177397400141e-05
9.726515531838231254e-05 7.567350985482335091e-05
9.482382665737532079e-05 7.513301534345373511e-05
9.542126799715333889e-05 8.188131323549896479e-05
9.706741211630287309e-05 7.826609362382441759e-05
9.459568068450607283e-05 8.289133256766945124e-05
9.575554777256911892e-05 8.729710680199787021e-05
1.002821290967403911e-04 8.124349551508203149e-05
9.510218574177997381e-05 7.905313395895063877e-05
9.436885293325757997e-05 7.712835940765216947e-05
9.564941065036691996e-05 8.563512528780847788e-05
9.572111989655240362e-05 8.563035225961357355e-05
9.572522612870671126e-05 7.668929174542427063e-05
9.463984897593036836e-05 8.062924462137743831e-05
9.502191055617003896e-05 7.505019311793148518e-05
9.495804179096011834e-05 7.802284380886703730e-05
9.388592479808721691e-05 8.279432950075715780e-05
9.405307164342958091e-05 8.038878149818629026e-05
9.533119418847491033e-05 7.358456787187606096e-05
9.509606775282009039e-05 7.734201062703505158e-05
9.545955722387589591e-05 8.033605990931391716e-05
9.691566820038132759e-05 8.250909741036593914e-05
9.552992250974056700e-05 7.474679296137765050e-05
9.385231919623038266e-05 7.546417327830567956e-05
9.459864963901054580e-05 8.089448965620249510e-05
9.479441937401133513e-05 7.953587191877886653e-05
9.376746529596858269e-05 7.377776637440547347e-05
9.420564592801383154e-05 7.851500413380563259e-05
9.473478894506115466e-05 7.889213884482160211e-05
9.404276415807544525e-05 7.659669063286855817e-05
9.377680571560631235e-05 8.071025513345375657e-05
9.432487213416607390e-05 8.024351700441911817e-05
9.353995401397696154e-05 7.885420200182124972e-05
9.457521500735310296e-05 8.222395990742370486e-05
9.401513843840803562e-05 7.922850636532530189e-05
9.342972225567791611e-05 7.768715295242145658e-05
9.527659080958983666e-05 8.561261347495019436e-05
9.523097060082363896e-05 7.707844633841887116e-05
9.397972794431553299e-05 8.278021414298564196e-05
9.471545081396470778e-05 8.121310384012758732e-05
9.559063473716378754e-05 7.912269938969984651e-05
9.324252373517083199e-05 7.474074664060026407e-05
9.401830661772691568e-05 7.583382830489426851e-05
9.425717435078695688e-05 7.643591379746794701e-05
9.359357900393661654e-05 8.420222729910165071e-05
9.254295014216040727e-05 7.667202589800581336e-05
9.275965658162022009e-05 7.622170960530638695e-05
9.479651625952101855e-05 7.779954466968774796e-05
9.397976828040555120e-05 8.201184391509741545e-05
9.400460603501415422e-05 8.279028406832367182e-05
9.384364125253341626e-05 8.104071457637473941e-05
9.274283747799927640e-05 7.944108074298128486e-05
9.400450935572734492e-05 7.674079097341746092e-05
9.402634800608211934e-05 7.651193300262093544e-05
9.302425760324695690e-05 7.946391997393220663e-05
9.324405205006769664e-05 7.964814722072333097e-05
9.309585711889667979e-05 8.331161370733752847e-05
9.450139009459235240e-05 7.480704516638070345e-05
9.454593264308641394e-05 8.214815170504152775e-05
9.428221364942146736e-05 8.397952478844672441e-05
9.446398726140615141e-05 7.876214658608660102e-05
9.328373162134084308e-05 7.729612116236239672e-05
9.330376733487354981e-05 7.535306212957948446e-05
9.234899898729054528e-05 7.806460780557245016e-05
9.229308479916654138e-05 8.258337766164913774e-05
9.401965185134031615e-05 7.937502959975972772e-05
9.304862824137672122e-05 7.817512960173189640e-05
9.311661351603106325e-05 7.875875598983839154e-05
9.242857709068630356e-05 7.986339915078133345e-05
9.341870481875958192e-05 7.597699004691094160e-05
9.292809945691261051e-05 7.420021574944257736e-05
9.276020791730843755e-05 8.266656368505209684e-05
9.155346533589181761e-05 8.229474769905209541e-05
9.221510413226496894e-05 7.719988207099959254e-05
9.207011848957335500e-05 7.535149779869243503e-05
9.257281594727828362e-05 7.673108484596014023e-05
9.201531793223693967e-05 7.703586015850305557e-05
9.297234555560862646e-05 7.824972271919250488e-05
9.391889889229788056e-05 7.561611710116267204e-05
9.264327768505608858e-05 7.549664587713778019e-05
9.283333952225802932e-05 8.001241076271981001e-05
9.251496944671089837e-05 7.770881347823888063e-05
9.136019493780623267e-05 7.666717283427715302e-05
9.185108410747488961e-05 7.497226033592596650e-05
9.269787638004345625e-05 7.572241156594827771e-05
9.235706170329649467e-05 7.589629967696964741e-05
9.404309830642886849e-05 7.942918455228209496e-05
9.186203560602734526e-05 7.504269888158887625e-05
9.133489916166582221e-05 7.402439950965344906e-05
9.232444645022042638e-05 8.318604523083195090e-05
9.202078299495042844e-05 7.839546015020459890e-05
9.168206897811615450e-05 8.133200753945857286e-05
9.188718045152199378e-05 7.921057112980633974e-05
9.135330578828871056e-05 7.449445547536015511e-05
9.305225808020622935e-05 7.494182500522583723e-05
9.307228706347813753e-05 7.858792378101497889e-05
9.160539107142540703e-05 7.283506420208141208e-05
9.126611257670447230e-05 7.895239832578226924e-05
9.197583067361847226e-05 7.500625360989943147e-05
9.231562926288461042e-05 7.591805479023605585e-05
9.153532951131638216e-05 7.469191041309386492e-05
9.115563639170432540e-05 7.811994873918592930e-05
9.184771251966595260e-05 7.505966641474515200e-05
9.332427980552892861e-05 7.292342343134805560e-05
9.120356817220454375e-05 7.289055793080478907e-05
9.063137044904579485e-05 7.693753286730498075e-05
9.151778940577059442e-05 7.842671038815751672e-05
9.216534735969616489e-05 7.754586840746924281e-05
9.150856994892820056e-05 7.637288217665627599e-05
9.141537916548258549e-05 9.391035564476624131e-05
9.442122113796358191e-05 7.665836164960637689e-05
9.225398121088801146e-05 7.861423364374786615e-05
9.109500188060337407e-05 7.977554196259006858e-05
9.138481482295901515e-05 7.664313307031989098e-05
9.061983296305697606e-05 7.372096297331154346e-05
9.081272055482259291e-05 7.307325722649693489e-05
9.104740124712406581e-05 7.971940794959664345e-05
9.087982330129307500e-05 7.254253432620316744e-05
9.127913976954004922e-05 7.816556899342685938e-05
9.124704647547332028e-05 7.736108091194182634e-05
9.202587962136022086e-05 7.470734999515116215e-05
9.113616679314872639e-05 7.421518967021256685e-05
9.196581295327632959e-05 7.742406887700781226e-05
9.026688981066399991e-05 7.472204742953181267e-05
9.070186742974329351e-05 8.203736069845035672e-05
9.181488294416340610e-05 7.562715472886338830e-05
9.081274533855321622e-05 7.247833127621561289e-05
9.032178722918615405e-05 7.773902325425297022e-05
9.057912971002223825e-05 7.221112900879234076e-05
9.066262655323952826e-05 7.722647569607943296e-05
8.987024202724568935e-05 7.420246402034536004e-05
9.101225573431293285e-05 7.947724225232377648e-05
9.097318270505639064e-05 7.547370478278025985e-05
9.125405672421038887e-05 7.635285146534442902e-05
9.031976110236427941e-05 7.987774733919650316e-05
9.167148928099778092e-05 7.621807890245690942e-05
9.165477490569173824e-05 8.056331716943532228e-05
9.078169086933485503e-05 7.670812919968739152e-05
9.039280002980376865e-05 7.543739047832787037e-05
9.127164557867217267e-05 7.781629392411559820e-05
9.098450664168922231e-05 7.923782686702907085e-05
9.010292606035364403e-05 7.252364594023674726e-05
9.039132587531639187e-05 7.775607082294300199e-05
9.057503093572450141e-05 7.368180376943200827e-05
9.050217331605381874e-05 7.544508844148367643e-05
9.137121028288675549e-05 8.564010931877419353e-05
9.064359105650509631e-05 7.389892562059685588e-05
9.004178386931016033e-05 7.654986984562128782e-05
9.147586160906939767e-05 7.609667227370664477e-05
9.007311314235266764e-05 7.109504804247990251e-05
8.987034007077455131e-05 7.376360736088827252e-05
8.956198944360948828e-05 7.287335756700485945e-05
8.991843951662303609e-05 7.439347973559051752e-05
8.987074620563362530e-05 7.832726259948685765e-05
9.013459334710205711e-05 7.614598871441558003e-05
9.063012812475790541e-05 7.505071698687970638e-05
8.990375022221996915e-05 7.807780639268457890e-05
8.997412624012213200e-05 7.385233766399323940e-05
8.977117258837096782e-05 7.503097003791481256e-05
9.005482625070725957e-05 7.364187331404536963e-05
8.975579326033766305e-05 7.692367944400757551e-05
8.918594890019448398e-05 7.882140926085412502e-05
8.951098993748018984e-05 7.700083369854837656e-05
9.023385759974190110e-05 7.361428288277238607e-05
8.945161930569156268e-05 7.747345807729288936e-05
9.008938141050749069e-05 7.551613089162856340e-05
8.984342580333759000e-05 7.403201743727549911e-05
9.034929621520859655e-05 7.332687528105452657e-05
8.958542352957010193e-05 7.482612272724509239e-05
8.945171598497835843e-05 8.166792395059019327e-05
9.031474683069972982e-05 7.664628355996683240e-05
8.932381015256397037e-05 7.935495523270219564e-05
8.912041175790363923e-05 7.326836930587887764e-05
8.952251801019883715e-05 7.541871309513226151e-05
8.971284541985369558e-05 7.422909402521327138e-05
8.986070884020591620e-05 7.680835551582276821e-05
8.992047514766454697e-05 7.897125033196061850e-05
8.959973447417724488e-05 7.603918493259698153e-05
8.980304155556951260e-05 7.378724694717675447e-05
8.925666097638895193e-05 7.812461990397423506e-05
8.989518369162396993e-05 7.711583748459815979e-05
8.928580091378534873e-05 7.372740947175770998e-05
8.971472307166550580e-05 7.351084786932915449e-05
8.936117551456845560e-05 7.053103763610124588e-05
8.902186364139197665e-05 7.653962529730051756e-05
8.978417945399996554e-05 7.481904322048649192e-05
8.929890591389267316e-05 7.498801278416067362e-05
8.913258466236584354e-05 7.533237658208236098e-05
8.928246475079504849e-05 7.509162969654425979e-05
8.939208073570626128e-05 7.203825953183695674e-05
8.900785387595533122e-05 7.816728611942380667e-05
8.972454152171849544e-05 7.363464828813448548e-05
8.955354187492047826e-05 7.859057222958654165e-05
8.908503473321615913e-05 7.613359775859862566e-05
8.935459718486526439e-05 7.815820572432130575e-05
8.905604777282860325e-05 7.457305764546617866e-05
8.986025923150010018e-05 7.703345909249037504e-05
8.857296320456953525e-05 7.218836981337517500e-05
8.843246778269530663e-05 7.559717778349295259e-05
8.943036032178497137e-05 7.562756218248978257e-05
8.912090183912368415e-05 7.737694249954074621e-05
8.932858927437336573e-05 7.465323142241686583e-05
8.870583924363018285e-05 7.400655886158347130e-05
8.878203625499736789e-05 7.283907325472682714e-05
8.880712639438569935e-05 7.285339233931154013e-05
8.890447720659722379e-05 7.452594581991434097e-05
8.897125462681287900e-05 7.868724060244858265e-05
8.918248831832898391e-05 7.756900595268234611e-05
8.954624290709034269e-05 7.464767259079962969e-05
8.879903298293356513e-05 7.566285785287618637e-05
8.852907085383776304e-05 7.628867024322971702e-05
8.902462018340883971e-05 7.952899613883346319e-05
8.883290283847599680e-05 7.497348997276276350e-05
8.938057717386982946e-05 7.264075975399464369e-05
8.844400481393677454e-05 7.229985931189730763e-05
8.816622985250433518e-05 7.598118099849671125e-05
8.937673433138116339e-05 7.751548400847241282e-05
8.852690484673075844e-05 7.542903767898678780e-05
8.877574996404291054e-05 7.491244468837976456e-05
8.870972606018767421e-05 7.623188139405101538e-05
8.873010960996907670e-05 7.368122896878048778e-05
8.826212397252674604e-05 7.919712516013532877e-05
8.874732384356320836e-05 7.672663923585787416e-05
8.894682500795169657e-05 7.491405995097011328e-05
8.892329419722955479e-05 8.014102786546573043e-05
8.932112200454866979e-05 7.302127778530120850e-05
8.894274260455859165e-05 7.343551988014951348e-05
8.886585142136027842e-05 7.255612581502646208e-05
8.821009632811182568e-05 7.519733480876311660e-05
8.873706610756926239e-05 7.345248741330578923e-05
8.848382567521184954e-05 7.447740063071250916e-05
8.834499758449964615e-05 7.560827361885458231e-05
8.813436052150791782e-05 7.522337546106427908e-05
8.860671678121435067e-05 7.757854473311454058e-05
8.901361288735643571e-05 7.513909804401919246e-05
8.856835265760309452e-05 7.706301403231918812e-05
8.851200404933479691e-05 7.467131217708811164e-05
8.824769533930521535e-05 7.237323734443634748e-05
8.851744505591340752e-05 7.417613232973963022e-05
8.799807801551651210e-05 7.888340769568458200e-05
8.834391287564358479e-05 7.501679647248238325e-05
8.826907865113752818e-05 7.392289990093559027e-05
8.885052270670711918e-05 7.517653284594416618e-05
8.862493878041277911e-05 7.703926530666649342e-05
8.851359807522385110e-05 7.954316242830827832e-05
8.819526642582787006e-05 7.398462184937670827e-05
8.808051265987159608e-05 7.801763422321528196e-05
8.816641584417084774e-05 7.553237810498103499e-05
8.815618271000858202e-05 7.432368875015527010e-05
8.823941807349911231e-05 7.387059304164722562e-05
8.802209363238944477e-05 7.401326001854613423e-05
8.846159362292382595e-05 7.283957529580220580e-05
8.782042459642980248e-05 7.477793405996635556e-05
8.820060279504104441e-05 7.396603177767246962e-05
8.851086963659326469e-05 7.819295569788664579e-05
8.843400009936886450e-05 7.363210897892713547e-05
8.828212644402810567e-05 7.750043732812628150e-05
8.817586922305054031e-05 7.342479511862620711e-05
8.794302816568233267e-05 7.518458005506545305e-05
8.848239572216698705e-05 7.487302355002611876e-05
8.815976020741800583e-05 7.356836431426927447e-05
8.799148849902849179e-05 7.464694499503821135e-05
8.779350641816563981e-05 7.541114609921351075e-05
8.859313711582217908e-05 7.732315862085670233e-05
8.817839375296898652e-05 7.905575330369174480e-05
8.803826167422812974e-05 7.933195593068376184e-05
8.879617976162990632e-05 7.507866394007578492e-05
8.821392839308828115e-05 7.301107689272612333e-05
8.810326348793751637e-05 7.244209700729697943e-05
8.782779577813926424e-05 7.776774145895615220e-05
8.780037842370802537e-05 7.549946894869208336e-05
8.822337008496106137e-05 7.655308581888675690e-05
8.775724536462803642e-05 7.639095565536990762e-05
8.752115149945893791e-05 7.352864486165344715e-05
8.795542885309259873e-05 7.390913378912955523e-05
8.784830306467484023e-05 7.282659498741850257e-05
8.771043899287178376e-05 7.253272633533924818e-05
8.772355290602718285e-05 7.347275095526129007e-05
8.770719587118947218e-05 7.276494579855352640e-05
8.782321269791281977e-05 7.520519284298643470e-05
8.777621351327980479e-05 7.500727951992303133e-05
8.771025759415351244e-05 7.439775799866765738e-05
8.784608016867422888e-05 7.676906534470617771e-05
8.745547061153046710e-05 7.613198249600827694e-05
8.813728386485309145e-05 7.435717270709574223e-05
8.786830858298344538e-05 7.381643808912485838e-05
8.802695879239763599e-05 7.314892718568444252e-05
