4.045676668756641170e-02 8.998931385576725006e-03
9.136896347627043724e-03 1.469825021922588348e-02
8.316277386620640408e-03 8.678252808749675751e-03
6.614566492498852139e-03 6.983648985624313354e-03
5.749031409504823213e-03 6.732821464538574219e-03
3.849002011702395802e-03 2.792504848912358284e-03
2.815125101187732157e-03 3.325535682961344719e-03
2.619252511067315936e-03 1.756082056090235710e-03
2.496166153287049470e-03 1.219739904627203941e-03
1.862509295460768087e-03 1.613749191164970398e-03
1.961098795436555693e-03 1.589567167684435844e-03
2.015475502412300644e-03 9.327306179329752922e-04
1.283094450627686456e-03 7.791783427819609642e-04
2.515202086942736233e-03 2.724075922742486000e-03
1.310381692746886984e-03 6.763489218428730965e-04
1.084562718460801989e-03 1.354978536255657673e-03
1.158031685190508185e-03 1.249335240572690964e-03
1.167793052445631474e-03 9.134907159022986889e-04
9.209688574628671848e-04 7.675510714761912823e-04
1.059932058706181167e-03 6.845922907814383507e-04
8.187086816178635196e-04 1.091259764507412910e-03
1.604836305341450584e-03 1.138859195634722710e-03
8.615283863036893091e-04 5.622697644867002964e-04
7.348689036007271863e-04 5.883948761038482189e-04
8.930591280659428083e-04 5.216932622715830803e-04
7.125488737074192613e-04 5.823451210744678974e-04
1.647299577598460019e-03 1.556020928546786308e-03
8.951855714258271767e-04 9.339201496914029121e-04
7.370434337644838014e-04 6.920177256688475609e-04
8.333581750775920444e-04 1.539705088362097740e-03
6.695145522826351659e-04 5.636350251734256744e-04
7.687249340960988992e-04 4.681105783674865961e-04
6.369994021952152469e-04 4.880943452008068562e-04
7.549401765572838268e-04 7.394157582893967628e-04
8.349981035280507058e-04 5.154460086487233639e-04
6.415869705961085639e-04 4.991217283532023430e-04
7.636025060492101840e-04 7.888578111305832863e-04
6.361592160828877674e-04 6.766229053027927876e-04
6.697981440083822452e-04 3.793140349444001913e-04
5.595951588475145400e-04 4.599859530571848154e-04
6.115775991929695227e-04 6.620773929171264172e-04
7.171671684773172750e-04 5.005540442653000355e-04
5.328853021637769416e-04 3.899411531165242195e-04
8.107315359666244624e-04 7.386449724435806274e-04
8.938281851442297487e-04 6.103538908064365387e-04
1.208823468914488330e-03 8.787427796050906181e-04
6.070206713047809682e-04 5.259489407762885094e-04
5.787397403764771298e-04 4.131364985369145870e-04
5.183118806598941081e-04 3.810895141214132309e-04
4.881709704932290844e-04 3.866452316287904978e-04
5.232781524682650776e-04 5.780758219771087170e-04
5.088980327855096913e-04 3.473826218396425247e-04
4.940428520058048672e-04 8.516575908288359642e-04
6.600719938433030403e-04 7.854806026443839073e-04
5.412563059508102015e-04 3.818020049948245287e-04
5.037844082835362790e-04 3.952010883949697018e-04
6.301229521341155781e-04 3.055275010410696268e-04
4.914462439046474391e-04 3.350092447362840176e-04
5.610918778984341770e-04 4.300882574170827866e-04
8.811960102320881777e-04 1.575275324285030365e-03
5.214636410528327836e-04 3.389230114407837391e-04
5.351700758183142604e-04 3.824479936156421900e-04
4.338782790000550557e-04 3.198944323230534792e-04
4.827328772080363923e-04 5.299663171172142029e-04
4.357169673312455416e-04 2.633982803672552109e-04
4.209911054203985476e-04 4.263130540493875742e-04
4.686103140556951876e-04 2.750971761997789145e-04
4.093913377801072675e-04 3.064242191612720490e-04
4.270185349014354653e-04 2.833224716596305370e-04
7.045863654639106461e-04 3.900871961377561092e-04
3.557108031600364375e-04 2.499317924957722425e-04
5.596676401182776317e-04 6.193799199536442757e-04
4.632796360965585445e-04 7.121980306692421436e-04
4.795951903361128426e-04 6.779385730624198914e-04
4.202746440569171682e-04 4.863183130510151386e-04
3.700134917380637706e-04 3.233964671380817890e-04
4.599603296810528372e-04 3.383672737982124090e-04
4.455770927961566702e-04 2.421968820272013545e-04
4.010673015727661767e-04 3.759233513846993446e-04
5.450386654047179470e-04 2.442329714540392160e-04
4.071041608767700598e-04 3.705813142005354166e-04
3.640218690634355989e-04 2.599797735456377268e-04
3.645938893896527697e-04 4.877280443906784058e-04
3.430629667491302826e-04 3.362434217706322670e-04
3.773208825805341002e-04 4.523818497546017170e-04
5.817670944452402182e-04 7.252955110743641853e-04
3.811652215517824407e-04 4.153206828050315380e-04
3.735804541065590348e-04 3.087489458266645670e-04
3.886417098328820430e-04 2.323278749827295542e-04
3.620686136855511103e-04 3.610945423133671284e-04
5.702301448764046220e-04 3.532255068421363831e-04
3.618018905399367430e-04 2.207659417763352394e-04
5.270723422654555179e-04 3.312823246233165264e-04
3.407344544029911266e-04 2.369033609284088016e-04
3.362135423230938505e-04 2.198684669565409422e-04
5.095966636872617962e-04 5.054766079410910606e-04
4.687385953729972243e-04 5.011344910599291325e-04
3.699655966556747227e-04 2.468450984451919794e-04
3.645121285444474887e-04 4.962850944139063358e-04
3.236148133510141525e-04 2.318195765838027000e-04
4.107616254259482741e-04 4.362829495221376419e-04
2.934681369879399426e-04 1.728409260977059603e-04
3.673101657113875154e-04 2.489603648427873850e-04
3.068126196012599502e-04 3.109388344455510378e-04
2.952530603579361923e-04 2.308485127286985517e-04
3.093869874646770659e-04 1.826131192501634359e-04
3.727238265128107633e-04 2.028378657996654510e-04
4.384027117339428406e-04 4.100320511497557163e-04
2.836694216966862076e-04 5.379454232752323151e-04
3.680055924633052200e-04 1.925666874740272760e-04
2.610979936434887350e-04 3.204691747669130564e-04
3.067978648687130880e-04 2.243726339656859636e-04
3.046203624762711332e-04 2.280919288750737906e-04
3.082503953919513151e-04 4.030354321002960205e-04
3.447865514317527197e-04 2.362953091505914927e-04
2.916979014116804830e-04 3.718575462698936462e-04
3.327601021737791815e-04 4.104608669877052307e-04
3.227187040465651297e-04 2.108553599100559950e-04
2.597202139440923821e-04 2.031890617217868567e-04
3.420519273277022659e-04 2.602635941002517939e-04
3.506660301354713955e-04 2.551890502218157053e-04
2.823563449055654711e-04 1.860144111560657620e-04
2.890652218411560387e-04 2.935017691925168037e-04
2.752172087639337297e-04 3.088219091296195984e-04
2.840235079929698475e-04 1.877653121482580900e-04
2.724159823628724444e-04 2.348305715713649988e-04
3.530033529386855553e-04 4.138091462664306164e-04
3.770410430661286227e-04 3.077277215197682381e-04
3.014725196408107985e-04 2.868504379875957966e-04
2.679838144103996456e-04 2.341332874493673444e-04
3.217025634512537982e-04 2.324931119801476598e-04
2.872822122299112488e-04 2.131836954504251480e-04
3.387838974958867983e-04 3.713266924023628235e-04
3.251299352996283925e-04 2.802714006975293159e-04
2.836732972355093915e-04 2.096633252222090960e-04
2.669171026354888454e-04 2.749527920968830585e-04
2.426592844130937118e-04 2.966457977890968323e-04
2.928823772890609472e-04 1.742598396958783269e-04
2.616696594486711438e-04 1.601081021362915635e-04
2.727820849031559083e-04 3.375817614141851664e-04
2.760145862339413725e-04 2.117395924869924784e-04
2.376977825406356823e-04 1.834579306887462735e-04
2.319009345228550956e-04 2.460146497469395399e-04
3.026060978299938034e-04 4.566772840917110443e-04
2.359328144848404972e-04 1.458048645872622728e-04
2.652199375006602969e-04 2.113015652867034078e-04
2.627921192470239584e-04 1.910980499815195799e-04
3.803695994065492197e-04 2.500718110240995884e-04
2.559405660576885349e-04 2.607555361464619637e-04
2.507835530195734680e-04 2.308406401425600052e-04
2.686799505681847331e-04 1.898028567666187882e-04
2.494141750503331640e-04 1.934598694788292050e-04
2.341162271477514878e-04 2.698017633520066738e-04
2.567456458564265631e-04 1.782918407116085291e-04
3.310988815428572598e-04 1.767633220879361033e-04
2.441038286633556709e-04 1.886343088699504733e-04
2.695277222301229120e-04 1.880403724499046803e-04
2.135114211341715309e-04 1.823701168177649379e-04
2.263992222651722895e-04 1.903614174807444215e-04
2.567844374425476525e-04 4.510948783718049526e-04
2.390520698099862838e-04 1.695278333500027657e-04
2.553850219555897530e-04 2.272580022690817714e-04
2.398223599811899530e-04 4.960917285643517971e-04
3.060815055505372367e-04 1.821543410187587142e-04
2.543545942899072543e-04 1.671705103944987059e-04
2.121533298122812994e-04 1.747995556797832251e-04
2.396755538939032758e-04 2.032161719398573041e-04
2.462817497871583544e-04 1.831375848269090056e-04
2.066469169221818447e-04 1.693001540843397379e-04
2.247131309559335986e-04 1.923807139974087477e-04
2.112940136612451224e-04 2.148482453776523471e-04
2.358915624427027177e-04 1.598084490979090333e-04
2.206476698120240999e-04 1.594642235431820154e-04
3.053532000194536522e-04 1.956871419679373503e-04
2.519324143577250652e-04 1.809108362067490816e-04
2.569063206465216462e-04 2.821412344928830862e-04
2.295810269060893861e-04 2.008851588470861316e-04
2.377075152253382839e-04 2.622494939714670181e-04
2.334299259018735137e-04 1.555515045765787363e-04
2.100185893141315319e-04 2.256025618407875299e-04
2.222026783783803640e-04 1.419226900907233357e-04
5.154612238584376904e-04 1.773974625393748283e-03
8.073745897490880235e-04 1.714700774755328894e-04
2.136419694579672014e-04 1.663478906266391277e-04
1.979490137273387626e-04 1.522460661362856627e-04
2.096923464705468978e-04 1.562911347718909383e-04
2.166212972952052842e-04 2.403811085969209671e-04
2.161833004720392583e-04 1.461361098336055875e-04
1.938625900038459858e-04 2.217993896920233965e-04
2.090252978632634040e-04 1.428741670679301023e-04
1.916783844535530079e-04 1.532322930870577693e-04
2.187419810070423355e-04 1.835435687098652124e-04
2.083150035105063526e-04 1.309979561483487487e-04
1.970844089555612408e-04 2.167272177757695317e-04
2.035157962382072637e-04 1.424654474249109626e-04
1.894504019219311994e-04 1.497546909376978874e-04
2.128293943314929601e-04 1.768665097188204527e-04
2.204486720074782971e-04 1.673952501732856035e-04
1.995484815779491436e-04 1.765627821441739798e-04
2.263955359012470472e-04 1.638702524360269308e-04
2.199731317887199003e-04 3.593442670535296202e-04
2.205227869126247296e-04 1.668297045398503542e-04
2.045641640506801195e-04 2.405600826023146510e-04
2.040830411715433110e-04 1.969837176147848368e-04
2.249716829282988437e-04 3.774661454372107983e-04
2.740414565778337419e-04 1.333048421656712890e-04
1.884782815977814499e-04 2.028381713898852468e-04
2.079393314488697905e-04 2.258239546790719032e-04
1.940608279255684574e-04 1.304027682635933161e-04
2.015035388467367738e-04 1.591800100868567824e-04
2.045991524937562536e-04 1.482746738474816084e-04
2.375955758907366598e-04 1.579674426466226578e-04
2.073511417620466145e-04 1.680832356214523315e-04
2.201794588472694050e-04 3.125464427284896374e-04
2.449269861244829263e-04 1.551882451167330146e-04
1.841636964854842409e-04 1.246360770892351866e-04
2.028378423347021345e-04 1.297886192332953215e-04
2.172602702557924258e-04 2.376971242483705282e-04
2.603327569886459752e-04 1.431235868949443102e-04
2.119797756677144099e-04 1.464839297113940120e-04
1.840088590142840931e-04 1.990485034184530377e-04
2.083983060401806034e-04 1.816253206925466657e-04
1.842811331698612667e-04 1.361518370686098933e-04
1.855935493040306028e-04 1.589396706549450755e-04
1.920989001519046778e-04 1.414511207258328795e-04
3.161778474350285142e-04 2.557146653998643160e-04
1.849962378400959952e-04 1.474277669331058860e-04
1.865648893726756688e-04 1.677979598753154278e-04
1.823536043048079700e-04 1.709264033706858754e-04
1.923940373671939488e-04 1.359046727884560823e-04
2.197560088461614214e-04 1.620115799596533179e-04
1.959508715117408320e-04 1.424211077392101288e-04
1.813878265238599906e-04 1.715909165795892477e-04
1.928576112732116544e-04 1.306608319282531738e-04
2.034229572018375729e-04 2.020467072725296021e-04
2.024064337092568221e-04 1.616015360923483968e-04
2.031240931501088307e-04 1.255678071174770594e-04
1.791062188203795705e-04 1.760267477948218584e-04
2.558834756200667579e-04 1.770790113369002938e-04
2.093096936732763425e-04 1.311766973230987787e-04
1.731786562231718454e-04 1.362928887829184532e-04
1.696420057669456637e-04 1.571726752445101738e-04
1.898236660963448176e-04 1.291187218157574534e-04
1.696893345069838742e-04 1.242304279003292322e-04
1.884071465610759387e-04 1.396435400238260627e-04
1.752715581460506547e-04 1.451960415579378605e-04
2.164230740163475329e-04 1.291237276745960116e-04
1.909091079141944647e-04 1.611253974260762334e-04
1.798862130272027625e-04 1.646469754632562399e-04
2.027211853601329494e-04 1.325088378507643938e-04
1.818482981434499488e-04 1.245543098775669932e-04
1.848127835728519130e-04 1.351057726424187422e-04
1.678502198046771864e-04 1.288779021706432104e-04
1.729872932628495673e-04 1.985769049497321248e-04
1.774771237251115854e-04 1.283186284126713872e-04
2.247319127491209548e-04 1.650823978707194328e-04
2.182397391152335439e-04 1.439748739358037710e-04
2.217394375293224639e-04 1.253496448043733835e-04
1.732339511363534203e-04 1.425363589078187943e-04
1.798691841031541171e-04 1.604222197784110904e-04
1.992571043956559043e-04 1.337708235951140523e-04
1.780288924237538703e-04 1.212229035445488989e-04
2.239843252027640119e-04 1.461516803828999400e-04
1.964695850801945307e-04 1.300201984122395515e-04
1.625039908503822517e-04 1.258022821275517344e-04
1.792900636246485993e-04 1.876966562122106552e-04
1.810744204703951363e-04 1.362832408631220460e-04
1.765126373356906589e-04 1.240214187419041991e-04
1.665999899159942234e-04 1.233330985996872187e-04
2.034151212683354916e-04 3.674513718578964472e-04
1.957638539352046683e-04 1.446717069484293461e-04
1.676281352956721148e-04 1.276846014661714435e-04
1.687837468125508058e-04 1.243475562660023570e-04
1.851075546255742557e-04 1.310400984948500991e-04
1.827268384658964297e-04 1.226545136887580156e-04
1.753913751599611769e-04 1.522873062640428543e-04
1.734237798700632993e-04 1.163857741630636156e-04
1.765418135619256754e-04 1.752706884872168303e-04
1.798451955437485486e-04 1.236119569512084126e-04
1.728388972878747262e-04 1.176257283077575266e-04
2.018012155531323515e-04 1.777589786797761917e-04
1.838212808252137512e-04 1.392811536788940430e-04
1.938296679327322527e-04 1.259379641851410270e-04
1.731095609102339895e-04 1.682566362433135509e-04
1.749367163029091790e-04 1.380954345222562551e-04
1.659089999520801885e-04 1.282281737076118588e-04
1.649632986300275661e-04 1.130076925619505346e-04
1.653651859669480581e-04 1.405820657964795828e-04
1.695486037533555754e-04 1.313401444349437952e-04
1.833795939091942382e-04 1.170476170955225825e-04
1.906503437567153123e-04 3.132767451461404562e-04
1.999448083552124336e-04 1.353039406239986420e-04
1.656116942285734694e-04 1.163759152404963970e-04
1.780085576683632098e-04 1.237814576597884297e-04
1.843900814492371810e-04 1.472606527386233211e-04
1.650452711146499388e-04 1.221046259161084890e-04
1.626870958716608530e-04 1.091044614440761507e-04
1.684689332250854932e-04 1.187322777695953846e-04
1.618703296117018854e-04 1.237831311300396919e-04
1.913325847453961506e-04 1.313213724642992020e-04
1.812403475014434662e-04 1.417070743627846241e-04
1.776616591996571461e-04 1.267769548576325178e-04
1.799702428797900103e-04 1.608691236469894648e-04
1.632964459531649427e-04 1.310042280238121748e-04
1.657209918448643293e-04 1.348647347185760736e-04
1.514251387561671544e-04 1.255450479220598936e-04
1.624417473067296669e-04 1.334500266239047050e-04
1.637873103391029764e-04 1.300039002671837807e-04
1.563158567478239948e-04 1.472020521759986877e-04
1.602084113983437311e-04 1.706945913610979915e-04
1.860312212556891663e-04 1.281351287616416812e-04
1.881925670204509407e-04 1.751808886183425784e-04
1.721554859614116085e-04 1.270659558940678835e-04
1.561492555083532298e-04 1.373259874526411295e-04
1.777142751052451840e-04 1.205497537739574909e-04
1.749616038978274500e-04 1.560935197630897164e-04
1.597725196006649585e-04 1.362310431431978941e-04
1.606506280950270539e-04 1.190284529002383351e-04
1.731989656946097858e-04 1.324563345406204462e-04
1.699947431006876178e-04 1.472863659728318453e-04
1.562138053486705812e-04 1.191305200336501002e-04
1.492831505856884232e-04 1.150382668129168451e-04
1.514052406491828097e-04 1.242039434146136045e-04
1.930821108544478193e-04 1.372154947603121400e-04
1.779673651981283965e-04 1.252815272891893983e-04
1.565955439218669253e-04 1.222306746058166027e-04
1.506150550085294634e-04 1.230306515935808420e-04
1.641266654587525355e-04 2.301942295162007213e-04
1.728471634123707190e-04 1.552483299747109413e-04
1.579312975991342628e-04 1.350995444227010012e-04
1.592275421899103040e-04 1.348664227407425642e-04
1.629835907806409414e-04 1.123834663303568959e-04
1.540867733638151549e-04 1.156333164544776082e-04
1.530888453999068534e-04 1.157222286565229297e-04
1.511570531874895042e-04 1.284642785321921110e-04
1.601555567503965048e-04 1.343143230769783258e-04
1.565572950312344000e-04 1.140141757787205279e-04
1.604451752427849096e-04 1.645403390284627676e-04
1.555082502818550037e-04 1.176331570604816079e-04
1.672055041126441211e-04 1.225681335199624300e-04
1.645186063797154821e-04 1.179425380541943014e-04
1.624173526579397839e-04 1.313710818067193031e-04
1.649115428335790111e-04 1.206178931170143187e-04
1.715131478704279343e-04 1.136163627961650491e-04
1.549438590700446985e-04 1.228948822245001793e-04
1.491479452852217892e-04 1.320834708167240024e-04
1.479960286815185154e-04 1.067097182385623455e-04
1.492943519224354586e-04 1.170781688415445387e-04
1.578625891852425466e-04 1.112786339945159853e-04
1.552169009300996604e-04 1.344728225376456976e-04
1.571737283484253621e-04 1.181953848572447896e-04
1.587284044944681281e-04 1.571633183630183339e-04
1.603223359779803959e-04 1.162727494374848902e-04
1.559620283842377722e-04 1.128533840528689325e-04
1.508272606770333423e-04 1.164949353551492095e-04
1.645468310925934875e-04 1.327972713625058532e-04
1.490732905949698815e-04 1.154454512288793921e-04
1.473090588660852464e-04 1.841071643866598606e-04
1.608203358955506809e-04 1.203362116939388216e-04
1.475071403547190130e-04 1.139643136411905289e-04
1.588873935361334480e-04 1.144804991781711578e-04
1.581248725415207446e-04 1.127594005083665252e-04
1.739646321766485980e-04 1.588538725627586246e-04
1.541995669867901651e-04 1.200763654196634889e-04
1.506249040176044272e-04 1.136619248427450657e-04
1.471054261855897439e-04 1.325879566138610244e-04
1.512383654699078815e-04 1.918388443300500512e-04
1.636800720007158870e-04 1.307522470597177744e-04
1.463839993448345976e-04 1.150426905951462686e-04
1.499393079939181862e-04 1.401168992742896080e-04
1.533933461359992981e-04 1.783391053322702646e-04
1.636221447370189599e-04 1.118168220273219049e-04
1.485175447669462355e-04 1.164933637483045459e-04
1.417744295395095941e-04 1.110907760448753834e-04
1.498068238106497921e-04 1.091143931262195110e-04
1.494235061727522407e-04 1.255029201274737716e-04
1.472359553190472124e-04 1.111120218411087990e-04
1.461455533899425172e-04 1.242521975655108690e-04
1.602805919901584221e-04 1.098695429391227663e-04
1.483536782870942369e-04 1.305648620473220944e-04
1.480467309193045312e-04 1.033638400258496404e-04
1.449401690479135032e-04 1.126325223594903946e-04
1.544834161904873381e-04 1.277108240174129605e-04
1.476022414863109697e-04 1.519174838904291391e-04
1.631134232411568519e-04 1.390855468343943357e-04
1.636565290937141873e-04 1.210414920933544636e-04
1.509456487838178873e-04 1.200490951305255294e-04
1.528388648694090025e-04 1.410220429534092546e-04
1.521052027783298345e-04 1.042549483827315271e-04
1.405078959578531848e-04 1.158417435362935066e-04
1.481963888181780822e-04 1.337916473858058453e-04
1.527485837868880481e-04 1.471605210099369287e-04
1.448137829356710318e-04 1.105551054934039712e-04
1.425206814928969834e-04 1.133351470343768597e-04
1.428996087270206826e-04 1.095397892640903592e-04
1.512176976575574426e-04 1.157898441306315362e-04
1.521172734101128353e-04 1.109950026147998869e-04
1.460222673813405035e-04 1.170115283457562327e-04
1.462196847569430193e-04 1.040003626258112490e-04
1.434538375178817714e-04 1.134011690737679601e-04
1.488660674112907091e-04 1.090954392566345632e-04
1.430482561772805639e-04 1.210763221024535596e-04
1.439136271073948646e-04 1.151015530922450125e-04
1.460966662307328187e-04 1.151522010331973433e-04
1.454114843909337705e-04 1.565592538099735975e-04
1.444363295377115827e-04 1.203201463795267045e-04
1.546751356727327112e-04 1.214893782162107527e-04
1.420659203176910632e-04 1.146958311437629163e-04
1.427895390406774823e-04 1.384102215524762869e-04
1.478329358178598395e-04 1.166187357739545405e-04
1.518688586656935513e-04 1.180077670142054558e-04
1.447406340957968387e-04 1.164369386970065534e-04
1.435757888430089333e-04 1.072897357516922057e-04
1.438136909200693535e-04 1.131941826315596700e-04
1.397686351992888322e-04 1.037175970850512385e-04
1.432227846635214465e-04 1.224789884872734547e-04
1.580031560479255967e-04 1.245616440428420901e-04
1.397818369696324171e-04 1.057590125128626823e-04
1.411474700034887064e-04 1.112245518015697598e-04
1.438254838831198922e-04 1.135281418100930750e-04
1.421388820745050853e-04 1.058858906617388129e-04
1.464828453208610773e-04 1.038808841258287430e-04
1.465250077671953585e-04 1.172260381281375885e-04
1.517132216577010803e-04 1.078020868590101600e-04
1.418063588062068502e-04 1.012011052807793021e-04
1.407607851433567703e-04 1.124226400861516595e-04
1.375328271024045480e-04 1.055541797541081905e-04
1.436566597476485294e-04 1.095309125958010554e-04
1.524306853752932511e-04 1.131390090449713171e-04
1.394132738823827713e-04 1.310801890213042498e-04
1.447788414225215038e-04 1.095018087653443217e-04
1.467032207074225880e-04 1.090461882995441556e-04
1.475138823479937909e-04 1.166947331512346864e-04
1.444873557375103592e-04 1.035586828947998583e-04
1.368750671645102611e-04 9.761822002474218607e-05
1.367562301311408992e-04 1.027315011015161872e-04
1.413465475707198439e-04 1.235267409356310964e-04
1.414800515703973469e-04 1.133720070356503129e-04
1.409471363331249558e-04 1.131011376855894923e-04
1.474672604672377875e-04 1.267374027520418167e-04
1.569648165968828835e-04 1.080922520486637950e-04
1.490293420829402748e-04 1.124469417845830321e-04
1.482257120187568998e-04 1.263746089534834027e-04
1.416224785316444522e-04 1.060319627868011594e-04
1.385694919918023407e-04 1.079556386684998870e-04
1.349361697975837051e-04 1.063578747562132776e-04
1.433538564015179873e-04 1.125527778640389442e-04
1.382637172355316688e-04 1.075629261322319508e-04
1.384328071253548788e-04 1.029916020343080163e-04
1.377916327328421230e-04 9.687022975413128734e-05
1.393307516082131770e-04 1.170934992842376232e-04
1.355863259959733114e-04 1.020436902763321996e-04
1.474806807891582193e-04 1.125497728935442865e-04
1.405273167620180283e-04 1.316238194704055786e-04
1.375181108414835816e-04 1.060460781445726752e-04
1.350142414594302008e-04 1.076502740033902228e-04
1.371794650367519407e-04 1.218190882354974747e-04
1.384655964102421530e-04 1.074337415047921240e-04
1.452356005756882896e-04 9.935248817782849073e-05
1.382200287480373044e-04 1.124722548411227763e-04
1.372248725601821207e-04 1.047022888087667525e-04
1.354864455606730298e-04 1.056863548001274467e-04
1.369533497381780762e-04 1.064475727616809309e-04
1.337487680757476374e-04 1.045599346980452538e-04
1.388267739457660246e-04 1.028853585012257099e-04
1.391707293805666159e-04 1.037954134517349303e-04
1.334035341642447747e-04 1.119951703003607690e-04
1.388144425618520364e-04 1.027510515996254981e-04
1.400622022629249841e-04 1.050268037943169475e-04
1.370602614770177643e-04 1.012275824905373156e-04
1.384337289891845904e-04 1.170237228507176042e-04
1.392505000694654882e-04 1.097393687814474106e-04
1.395097384374821504e-04 1.004247678793035448e-04
1.346750074844749070e-04 1.020087729557417333e-04
1.362599593448976412e-04 1.110641751438379288e-04
1.358807707219966741e-04 1.084140822058543563e-04
1.351399402665265262e-04 1.023996373987756670e-04
1.397096349137427697e-04 1.073020030162297189e-04
1.333234932644700112e-04 1.073442253982648253e-04
1.356096517156402169e-04 1.069515274139121175e-04
1.381212581691215800e-04 1.091374651878140867e-04
1.357064707008248661e-04 1.041937284753657877e-04
1.391158129990799353e-04 1.035192253766581416e-04
1.377244055220217087e-04 1.011874774121679366e-04
1.337069071269070210e-04 1.171955373138189316e-04
1.371568382637633476e-04 1.021286007016897202e-04
1.375642668790533207e-04 1.076285989256575704e-04
1.345367038993572459e-04 1.102193346014246345e-04
1.338067866527126279e-04 1.030903877108357847e-04
1.336749814072391072e-04 1.109412260120734572e-04
1.348543160020199139e-04 1.067860503098927438e-04
1.333241516476846300e-04 1.150786192738451064e-04
1.337891937509993914e-04 1.051373765221796930e-04
1.421368348019313944e-04 1.034409360727295280e-04
1.400715359523019288e-04 1.015409216051921248e-04
1.342258522527117856e-04 1.131842000177130103e-04
1.377619667437102288e-04 1.073882813216187060e-04
1.425606094016984462e-04 1.028826445690356195e-04
1.308236615841451512e-04 1.012833090499043465e-04
1.327748189396516063e-04 1.083859460777603090e-04
1.348775833321269493e-04 1.093674000003375113e-04
1.325477447608136518e-04 1.072942250175401568e-04
1.318311904469737891e-04 1.016301321214996278e-04
1.402577319822739701e-04 1.002872231765650213e-04
1.330630102529539727e-04 1.040090428432449698e-04
1.341797028544533532e-04 1.361219037789851427e-04
1.391935853462200558e-04 1.031182328006252646e-04
1.346134034065471605e-04 9.545583452563732862e-05
1.340992416771769058e-04 1.031024949043057859e-04
1.335971634944144062e-04 1.188581809401512146e-04
1.359377632070391082e-04 1.076418193406425416e-04
1.349604372990142965e-04 1.101086600101552904e-04
1.343715000984957550e-04 1.122993053286336362e-04
1.308915997469739577e-04 1.024785597110167146e-04
1.332909308075613916e-04 1.185599976452067494e-04
1.357960546556569116e-04 9.985304495785385370e-05
1.325405334682727590e-04 1.165733119705691934e-04
1.360129038403101840e-04 1.085336698452010751e-04
1.317265476245666031e-04 9.914019756251946092e-05
1.317081217166560345e-04 1.044826785800978541e-04
1.311785891630279312e-04 9.792984928935766220e-05
1.315485013947181924e-04 1.022376090986654162e-04
1.357188521978969166e-04 1.001438722596503794e-04
1.309144415245100282e-04 1.032660147757269442e-04
1.347166742561967221e-04 1.084481918951496482e-04
1.315214547503274043e-04 1.018373659462668002e-04
1.364425400424806975e-04 1.037682523019611835e-04
1.317277841735631282e-04 1.123143374570645392e-04
1.356815514554909896e-04 9.770171891432255507e-05
1.342106275842525011e-04 9.631486318539828062e-05
1.302419705098145641e-04 1.036438043229281902e-04
1.330841666458581932e-04 1.086499905795790255e-04
1.307415747760387495e-04 1.036001631291583180e-04
1.312537011472159011e-04 1.053578307619318366e-04
1.306680183915886974e-04 1.038752234308049083e-04
1.304722119130019510e-04 1.063567106029950082e-04
1.321745725363143774e-04 9.887696069199591875e-05
1.367653785564471036e-04 1.322059251833707094e-04
1.390242248817230683e-04 1.040034694597125053e-04
1.307618664213805405e-04 1.022331780404783785e-04
1.279150534173822908e-04 1.074691317626275122e-04
1.324872143413813211e-04 1.029677441692911088e-04
1.313070546530070769e-04 1.088967765099368989e-04
1.314605581683281452e-04 1.002072967821732163e-04
1.310050653046346215e-04 1.184271895908750594e-04
1.287451452299137491e-04 1.020116978907026350e-04
1.333273780801391695e-04 1.064938624040223658e-04
1.304600591538473964e-04 1.115267077693715692e-04
1.288113227928988527e-04 9.861357830232009292e-05
1.292985163672710660e-04 1.094825202017091215e-04
1.306012154600466602e-04 1.111402307287789881e-04
1.341854124802921541e-04 1.005649100989103317e-04
1.299924434533750118e-04 1.086797201423905790e-04
1.301011438044952283e-04 9.870040230453014374e-05
1.336843573881196844e-04 9.936436254065483809e-05
1.312402887378993910e-04 1.125263297581113875e-04
1.345743574347579960e-04 1.138581574195995927e-04
1.350739119516220052e-04 1.013588480418547988e-04
1.300417058700986564e-04 9.835402306634932756e-05
1.275939054721675239e-04 1.022600481519475579e-04
1.289478829676227070e-04 1.041379873640835285e-04
1.285801193262159467e-04 1.061820512404665351e-04
1.284595190554682685e-04 1.033445150824263692e-04
1.293370687562855892e-04 9.996754670282825828e-05
1.296431985792878658e-04 1.022660653688944876e-04
1.318095563874521813e-04 1.092597158276475966e-04
1.297506516493740383e-04 9.953828703146427870e-05
1.281170861147984451e-04 9.532050898997113109e-05
1.339666615422174746e-04 1.194541546283289790e-04
1.314842736064747333e-04 1.000008996925316751e-04
1.305926615714270210e-04 9.639259951654821634e-05
1.295690302868024500e-04 9.714115003589540720e-05
1.285995308535348158e-04 1.084641990019008517e-04
1.333457296823326141e-04 1.046944162226282060e-04
1.308041204538312795e-04 9.586125088389962912e-05
1.295542660045612192e-04 1.049871352734044194e-04
1.301319097365194520e-04 1.037200927385129035e-04
1.292967760491592235e-04 1.020814961520954967e-04
1.272234360840229892e-04 1.080088986782357097e-04
1.301512000281945911e-04 1.016748938127420843e-04
1.280508778108924107e-04 1.045042445184662938e-04
1.262640148524951655e-04 9.794141078600659966e-05
1.271009216907259651e-04 9.693288302514702082e-05
1.299295364333374837e-04 9.607589890947565436e-05
1.278983889278606620e-04 9.987023804569616914e-05
1.335991572886996491e-04 1.031343344948254526e-04
1.264755115698790123e-04 9.611302084522321820e-05
1.291174073230649702e-04 9.541421604808419943e-05
1.279902616261097191e-04 1.000528136501088738e-04
1.281193814065772986e-04 9.627400140743702650e-05
1.281513282265223097e-04 1.108997021219693124e-04
1.280245975067373311e-04 1.049977508955635130e-04
1.279629107557411880e-04 9.815389057621359825e-05
1.287077136112202316e-04 1.040705465129576623e-04
1.293831795010191963e-04 9.637189941713586450e-05
1.272727627110725734e-04 9.859298734227195382e-05
1.292498695875110570e-04 1.006276797852478921e-04
1.313840976763458403e-04 9.386156307300552726e-05
1.263821390239172669e-04 1.019938863464631140e-04
1.274324924452230226e-04 1.046695542754605412e-04
1.283382825931767002e-04 9.507300273980945349e-05
1.283134887671622036e-04 1.088157150661572814e-04
1.278006463508063353e-04 1.115972409024834633e-04
1.290527064156776868e-04 9.543892520014196634e-05
1.293154017730557880e-04 1.001904602162539959e-04
1.270057233341503834e-04 9.905335900839418173e-05
1.296537918278772741e-04 1.020872732624411583e-04
1.264399093997781111e-04 9.557039447827264667e-05
1.268802895538101330e-04 9.393229265697300434e-05
1.265967051949701326e-04 9.652738663135096431e-05
1.269762151423492469e-04 9.791830234462395310e-05
1.254027871254947914e-04 1.003939905785955489e-04
1.264682740838907248e-04 9.966814104700461030e-05
1.256176273273013121e-04 1.038577756844460964e-04
1.262304558622417971e-04 1.021000571199692786e-04
1.271710490982513766e-04 9.538223093841224909e-05
1.285324158743606057e-04 9.908152424031868577e-05
1.253285437087470146e-04 1.010035193758085370e-04
1.259946650861820780e-04 9.762417175807058811e-05
1.268863042241719140e-04 9.875884279608726501e-05
1.276491734643059317e-04 9.436228720005601645e-05
1.257842571249057182e-04 9.349435276817530394e-05
1.270768810172740013e-04 1.040552597260102630e-04
1.292233630010741654e-04 9.329248860012739897e-05
1.276223065360682085e-04 9.616379975341260433e-05
1.267604829081392436e-04 1.015483139781281352e-04
1.246213779268145973e-04 9.263560059480369091e-05
1.261509029063745348e-04 1.037596739479340613e-04
1.267149500563391484e-04 1.040759962052106857e-04
1.277024709452234566e-04 9.788140596356242895e-05
1.265794038772583062e-04 1.033044682117179036e-04
1.271677018849004580e-04 1.027842299663461745e-04
1.284397573726891897e-04 1.023326985887251794e-04
1.303438692957570365e-04 9.380468691233545542e-05
1.243461419107916353e-04 1.043694792315363884e-04
1.253314403584226966e-04 1.073747771442867815e-04
1.267357551114400903e-04 9.772994235390797257e-05
1.250952955160755664e-04 9.720381785882636905e-05
1.281792276131454747e-04 9.620239870855584741e-05
1.263373566871450640e-04 9.792488708626478910e-05
1.262911080630147007e-04 9.558795136399567127e-05
1.245565862518560661e-04 9.682652307674288750e-05
1.260535337678447777e-04 9.604236402083188295e-05
1.262777080228261292e-04 9.514321573078632355e-05
1.294752216381311774e-04 9.152187703875824809e-05
1.248268621566239799e-04 9.478081483393907547e-05
1.248825774382567033e-04 1.012412394629791379e-04
1.249150475814531200e-04 9.265164408134296536e-05
1.251102922651625650e-04 9.540816245134919882e-05
1.251958223292604143e-04 9.444951865589246154e-05
1.249320473107218168e-04 1.039392082020640373e-04
1.271711126719310360e-04 1.001744967652484775e-04
1.253591844943002798e-04 1.060416907421313226e-04
1.279432481169351377e-04 9.733568731462582946e-05
1.259134113752225002e-04 9.794323705136775970e-05
1.255633372238662668e-04 9.518545994069427252e-05
1.263476351596182212e-04 9.882047015707939863e-05
1.257055014320940245e-04 9.313384362030774355e-05
1.244699948074412478e-04 9.591245179763063788e-05
1.251142650289693739e-04 9.610888082534074783e-05
1.266897945242817405e-04 1.002345088636502624e-04
1.240820014572818818e-04 9.880983270704746246e-05
1.255367192243284080e-04 1.050429418683052063e-04
1.251562936886330027e-04 9.993756248150020838e-05
1.250789568075561019e-04 9.713409963296726346e-05
1.249768811248941347e-04 9.808165486901998520e-05
1.234736146216164343e-04 9.466383926337584853e-05
1.244855334334715735e-04 9.555924043525010347e-05
1.241941651642264224e-04 9.363339631818234921e-05
1.255749898518843111e-04 9.551814582664519548e-05
1.253589687621570301e-04 9.945606871042400599e-05
1.249973975973261932e-04 9.677217167336493731e-05
1.253457842722127788e-04 1.007397222565487027e-04
1.244576566023169962e-04 9.496867278357967734e-05
1.241567311808466857e-04 9.641093492973595858e-05
1.250350992449966725e-04 9.458044223720207810e-05
1.250683872967783773e-04 9.491197124589234591e-05
1.238751959135697797e-04 1.008183462545275688e-04
1.228977142091025707e-04 9.600243356544524431e-05
1.247825002792524174e-04 9.961637260857969522e-05
1.257429681572830250e-04 9.488378418609499931e-05
1.264741083105036415e-04 9.323105041403323412e-05
1.244581624632701386e-04 9.907485218718647957e-05
1.236221273757109884e-04 9.318680531578138471e-05
1.248068933819013182e-04 1.032267100526951253e-04
1.244256623976980282e-04 9.278262587031349540e-05
1.288755063796998110e-04 9.509723167866468430e-05
1.236394709849264473e-04 9.192074503516778350e-05
1.240418858287739676e-04 9.252654854208230972e-05
1.233548145137319861e-04 9.588029934093356133e-05
1.244686069185263423e-04 1.001625059871003032e-04
1.231128503604850266e-04 9.539381426293402910e-05
1.238490122887014823e-04 1.003342767944559455e-04
1.238530527189141085e-04 9.263984975405037403e-05
1.241375690369750319e-04 1.002514763968065381e-04
1.247223251994000856e-04 1.016364549286663532e-04
1.248935624971636463e-04 9.528706141281872988e-05
1.233270545526465867e-04 9.410166239831596613e-05
1.231389747772482170e-04 9.431073704035952687e-05
1.245118003680545479e-04 9.752099140314385295e-05
1.247363582479010910e-04 1.071930892067030072e-04
1.238015513081336286e-04 9.695205517346039414e-05
1.237608145856938682e-04 9.435231186216697097e-05
1.237268054865126141e-04 9.277613571612164378e-05
1.230217328156868353e-04 9.912588575389236212e-05
1.237641279658419188e-04 1.015180823742412031e-04
1.237919423147104681e-04 9.192502329824492335e-05
1.225454488121613449e-04 9.462340676691383123e-05
1.248488706551142968e-04 9.818216494750231504e-05
1.227875486620177981e-04 9.673640306573361158e-05
1.235631437339179792e-04 9.595299343345686793e-05
1.242443254341196734e-04 1.007781684165820479e-04
1.283831528780865537e-04 9.581095218891277909e-05
1.252900990948546786e-04 9.541655890643596649e-05
1.229770302415999941e-04 9.076714195543900132e-05
1.220364231812709450e-04 9.515099372947588563e-05
1.225005541527934730e-04 9.325175051344558597e-05
1.218120408339018441e-04 9.992241393774747849e-05
1.223117657900729574e-04 9.822109859669581056e-05
1.246688696483033818e-04 9.294627670897170901e-05
1.225850051014276687e-04 9.891489753499627113e-05
1.234735267644282485e-04 9.760107059264555573e-05
1.231726111655007008e-04 9.273316391045227647e-05
1.226063447575142964e-04 9.500895976088941097e-05
1.233588075592706554e-04 9.601203782949596643e-05
1.234075079992180690e-04 9.861568833002820611e-05
1.255008769476262387e-04 9.458071144763380289e-05
1.231834804457321243e-04 9.283750841859728098e-05
1.226387887072632912e-04 9.775348007678985596e-05
1.227673281391617019e-04 9.708356810733675957e-05
1.227874462529143838e-04 9.324480924988165498e-05
1.226637158652010894e-04 9.109421080211177468e-05
1.230449060130922644e-04 9.186480019707232714e-05
1.237783746546483490e-04 9.793962817639112473e-05
1.230556787959358081e-04 9.429535566596314311e-05
1.232168767273833401e-04 9.519325976725667715e-05
1.228126496243930996e-04 9.287146531278267503e-05
1.222909678290307002e-04 9.581799531588330865e-05
1.231724282661161797e-04 9.385940211359411478e-05
1.223704690346494263e-04 9.545674402033910155e-05
1.215692675941681928e-04 9.057785791810601950e-05
1.237669797774287926e-04 9.847156616160646081e-05
1.224143583385739530e-04 9.715581836644560099e-05
1.219461536493327057e-04 9.749474702402949333e-05
1.247124066139804091e-04 9.742699330672621727e-05
1.238098401699971928e-04 9.261041122954338789e-05
1.227875254699029028e-04 9.518489969195798039e-05
1.229872436852019746e-04 9.628018597140908241e-05
1.228194057148357279e-04 9.063930338015779853e-05
1.215836949995718951e-04 9.619720367481932044e-05
1.211862713716982398e-04 9.555974975228309631e-05
1.222425268679216861e-04 9.577303717378526926e-05
1.222682274601538774e-04 9.698143549030646682e-05
1.229866982612293322e-04 9.560234320815652609e-05
1.233160033734748086e-04 9.643373050494119525e-05
1.218855922161310500e-04 9.346257138531655073e-05
1.225941709890321363e-04 9.448589844396337867e-05
1.213225078572577277e-04 9.534193668514490128e-05
1.217877603266970200e-04 9.060665615834295750e-05
1.214705662277992815e-04 1.002912322292104363e-04
1.217467854985443382e-04 9.301006502937525511e-05
1.216449189087143141e-04 9.322882397100329399e-05
1.220880269102053608e-04 9.512189717497676611e-05
1.223400229719118324e-04 9.440140274818986654e-05
1.213709257172013113e-04 9.326399595011025667e-05
1.224862005074100926e-04 9.851165668806061149e-05
1.223530241077241845e-04 9.700647933641448617e-05
1.236128328855556847e-04 9.184765076497569680e-05
1.210927767715475002e-04 9.257542842533439398e-05
1.222841731760127113e-04 9.059377771336585283e-05
1.213333176565356498e-04 9.558293822919949889e-05
1.215190691254974809e-04 9.045087790582329035e-05
1.215650146150437595e-04 9.792720811674371362e-05
1.216809721881872947e-04 9.208359551848843694e-05
1.241436976670229288e-04 9.982986375689506531e-05
1.229152657288068494e-04 9.551881521474570036e-05
1.215683561895275516e-04 9.269041765946894884e-05
1.209683909110026488e-04 9.158959437627345324e-05
1.223925106387468932e-04 9.574805153533816338e-05
1.208738433888356640e-04 9.483152825850993395e-05
1.215116801176918698e-04 9.376356319990009069e-05
1.217705865201423849e-04 9.293593029724434018e-05
1.210892894050630302e-04 9.182787471218034625e-05
1.213955067214556065e-04 9.573086572345346212e-05
1.211360810884798438e-04 9.736006904859095812e-05
1.215882699398207424e-04 9.655667963670566678e-05
1.215500357830023886e-04 9.183243673760443926e-05
1.217876698319741936e-04 9.297073847847059369e-05
1.223428579578467233e-04 9.478610445512458682e-05
1.216431610373547301e-04 9.933973342413082719e-05
1.209474065035465146e-04 9.510990639682859182e-05
1.218608840645174496e-04 9.343170677311718464e-05
1.206932957757089698e-04 9.087887156056240201e-05
1.208537624734162764e-04 8.911704935599118471e-05
1.224383554472296964e-04 9.435338870389387012e-05
1.210615163472539334e-04 9.178734762826934457e-05
1.211363432048528975e-04 9.445517935091629624e-05
1.209589985592174398e-04 9.729906741995364428e-05
1.211529628562857451e-04 9.277417848352342844e-05
1.219782742737152202e-04 9.243458771379664540e-05
1.213059354085999075e-04 9.374597721034660935e-05
1.208747973578283590e-04 9.451367805013433099e-05
1.210744286254339332e-04 9.326242434326559305e-05
1.213855408423114514e-04 9.585963562130928040e-05
1.209637074680358691e-04 9.229838178725913167e-05
1.206825622830365319e-04 9.287331340601667762e-05
1.205780309646797778e-04 9.698040958028286695e-05
1.215883845361531658e-04 9.523017797619104385e-05
1.200458489620359587e-04 8.943369903136044741e-05
1.210564742905262338e-04 9.426478936802595854e-05
1.220257606291852453e-04 9.318004595115780830e-05
1.204389236590941437e-04 9.383941505802795291e-05
1.219304024743905730e-04 9.619542106520384550e-05
1.207915754093846799e-04 9.335971117252483964e-05
1.202088807076506728e-04 9.041341400006785989e-05
1.205146496431552751e-04 9.966469224309548736e-05
1.209941771776357227e-04 9.473279351368546486e-05
1.209046151416259845e-04 9.758861415321007371e-05
1.213733124131977065e-04 9.604066872270777822e-05
1.203403754516330028e-04 9.350445907330140471e-05
1.205301790832891183e-04 9.308510925620794296e-05
1.207211511427885907e-04 9.158911416307091713e-05
1.209007064062461723e-04 9.679099457571282983e-05
1.213188957990496365e-04 9.250205766875296831e-05
1.215758046782866640e-04 9.528729424346238375e-05
1.204005066938407199e-04 9.137772576650604606e-05
1.212100396514870226e-04 9.712263999972492456e-05
1.199144617203273810e-04 9.032177331391721964e-05
1.210766796248208212e-04 9.229713759850710630e-05
1.203367464768234640e-04 9.057360148290172219e-05
1.213389875374559806e-04 9.592759306542575359e-05
1.209880265378160402e-04 8.867090946296229959e-05
1.202423431095667238e-04 9.225829126080498099e-05
1.206936000926361912e-04 9.266856068279594183e-05
1.202105607262637905e-04 8.999201963888481259e-05
1.211521738696319571e-04 9.089458035305142403e-05
1.201352462885552113e-04 8.828493446344509721e-05
1.210543941851938143e-04 9.194827725877985358e-05
1.199532342070597197e-04 9.113225678447633982e-05
1.199270182041800581e-04 9.390022751176729798e-05
1.199875976453768062e-04 9.889778448268771172e-05
1.206466216899571063e-04 9.455755207454785705e-05
1.199912194351782091e-04 9.672999294707551599e-05
1.210752999213582316e-04 9.329666499979794025e-05
1.208639948345080511e-04 9.157882595900446177e-05
1.203391670060227679e-04 9.465096081839874387e-05
1.202216738420247539e-04 9.202257206197828054e-05
1.201135652081575190e-04 9.395299275638535619e-05
1.207483292091637850e-04 9.358701936434954405e-05
1.195786489915917628e-04 9.318984666606411338e-05
1.200970714307914022e-04 9.121632319875061512e-05
1.203806986268318778e-04 9.360040712635964155e-05
1.201394652525777929e-04 9.391293860971927643e-05
1.220024782924156170e-04 9.468636562814936042e-05
1.197764485368679797e-04 9.336051880382001400e-05
1.198431214106676634e-04 8.952718781074509025e-05
1.204815580422291532e-04 9.688951831776648760e-05
1.200176282509346465e-04 9.194140147883445024e-05
1.193663136291434030e-04 8.911589247873052955e-05
1.209467618537019007e-04 8.957651152741163969e-05
1.204529789902153425e-04 9.350407344754785299e-05
1.194090747958398451e-04 8.930057811085134745e-05
1.207356211125443197e-04 9.330698958365246654e-05
1.206213589284743675e-04 9.341664554085582495e-05
1.196792645714594983e-04 9.243241220247000456e-05
1.203908622301241903e-04 9.150266123469918966e-05
1.200670879370591110e-04 9.111239342018961906e-05
1.198671769998327417e-04 9.141491318587213755e-05
1.194355306324723669e-04 9.193144796881824732e-05
1.197464642245904515e-04 9.321491961600258946e-05
1.196168088426929926e-04 9.416432294528931379e-05
1.199227417600923218e-04 9.660628711571916938e-05
1.210699786497571013e-04 9.017965203383937478e-05
1.193556735415768398e-04 9.334334026789292693e-05
1.195524300783290528e-04 9.202052751788869500e-05
1.197407330437272294e-04 9.253021562471985817e-05
1.199786646793654708e-04 9.282998507842421532e-05
1.195812935293361106e-04 9.402293653693050146e-05
1.199390549118106719e-04 9.634339221520349383e-05
1.201314405079756425e-04 9.448420314583927393e-05
1.199472523694566944e-04 8.897658699424937367e-05
1.197918286379717756e-04 9.186845272779464722e-05
1.199748481667484103e-04 9.181215136777609587e-05
1.191146830024081282e-04 9.103784395847469568e-05
1.198795013806375236e-04 9.318775119027122855e-05
1.204193510602635824e-04 9.211153519572690129e-05
1.197129452521039612e-04 9.382754797115921974e-05
1.191470125377236427e-04 9.383916039951145649e-05
1.199755071866093231e-04 9.349976608064025640e-05
1.197179501104983528e-04 9.118026355281472206e-05
1.197496523673180518e-04 9.141305781668052077e-05
1.194072822727321154e-04 9.365013102069497108e-05
1.192012155115662608e-04 9.109672828344628215e-05
1.191828711853304439e-04 9.065719495993107557e-05
1.197504196170484620e-04 9.259256330551579595e-05
1.198301835756865357e-04 8.909902680898085237e-05
1.192272681691974894e-04 9.241281077265739441e-05
1.194101811051950736e-04 9.451288497075438499e-05
1.198195502183807575e-04 9.090820822166278958e-05
1.201152156681928291e-04 9.674914326751604676e-05
1.197901227897091357e-04 9.268066060030832887e-05
1.190463942293718019e-04 9.150656842393800616e-05
1.194186158500087940e-04 9.277169738197699189e-05
1.190933302495977896e-04 9.446463809581473470e-05
1.192416536468954318e-04 9.087468788493424654e-05
1.203876324325392515e-04 9.418865374755114317e-05
1.193149764731060714e-04 9.255691838916391134e-05
1.194665082039136959e-04 9.251416486222296953e-05
1.193733158288523528e-04 9.166630479739978909e-05
1.187274542644445319e-04 9.452564700040966272e-05
1.196488965433673002e-04 9.019240678753703833e-05
1.189523973152972758e-04 9.103748016059398651e-05
1.193301144667202661e-04 9.352214692626148462e-05
1.198023504912271219e-04 9.177869651466608047e-05
1.197101819343515672e-04 9.097060683416202664e-05
1.193155132568790604e-04 9.123182826442644000e-05
1.189341325698478640e-04 9.053816756932064891e-05
1.194390076307172448e-04 9.193424193654209375e-05
1.190939230582444024e-04 9.168709220830351114e-05
1.192367021758400369e-04 8.994519885163754225e-05
1.193819031868770280e-04 9.188705735141411424e-05
1.192658241052413413e-04 9.011225483845919371e-05
1.190511666209204122e-04 9.311734174843877554e-05
1.189686433463066378e-04 9.011051588458940387e-05
1.192114446894265657e-04 9.267475979868322611e-05
1.191567923342518070e-04 9.609581320546567440e-05
1.191955719150428167e-04 8.913917554309591651e-05
1.190986133224214454e-04 9.322415280621498823e-05
1.197789805701177156e-04 9.195611346513032913e-05
1.190737921206164174e-04 9.334921924164518714e-05
1.186710253023193245e-04 9.015946125146001577e-05
1.190375884107197581e-04 9.052298992173746228e-05
1.188140323392872179e-04 9.018168930197134614e-05
1.190699357721314354e-04 9.028705244418233633e-05
1.191005818327539546e-04 9.335106733487918973e-05
1.190372401651984573e-04 9.279048390453681350e-05
1.185766775051888571e-04 8.989521302282810211e-05
1.190829885672428591e-04 9.101445175474509597e-05
1.192241227727208725e-04 9.110954124480485916e-05
1.187769614261924316e-04 9.187067917082458735e-05
1.191833754091930987e-04 9.364772995468229055e-05
1.194632781334803494e-04 8.933481149142608047e-05
1.191868194837297833e-04 9.010469511849805713e-05
1.197959702949447065e-04 9.071063686860725284e-05
1.189827789858100004e-04 9.132745617534965277e-05
1.186781752039678341e-04 9.082803444471210241e-05
1.188906951028911890e-04 9.148263779934495687e-05
1.183037335067638142e-04 9.166321979137137532e-05
1.184962304250802872e-04 9.226422116626054049e-05
1.191574067888723194e-04 9.082793258130550385e-05
1.187481563647452303e-04 9.271172166336327791e-05
1.185086276564106757e-04 9.126936492975801229e-05
1.185087499834480641e-04 9.326345752924680710e-05
1.190477370073494913e-04 9.180393681162968278e-05
1.186711708214716082e-04 9.129169484367594123e-05
1.187528136142646017e-04 9.117599984165281057e-05
1.185900313430465812e-04 9.211130964104086161e-05
1.188083117085625445e-04 9.054927795659750700e-05
1.189135959066334235e-04 9.475250408286228776e-05
1.188884717521432267e-04 9.227504779119044542e-05
1.187720364214328529e-04 9.325279097538441420e-05
1.195976126837194870e-04 9.186889656120911241e-05
1.187628844490973333e-04 9.347720333607867360e-05
1.192517717754526557e-04 9.254918404622003436e-05
1.190230220345256412e-04 9.024169412441551685e-05
1.189686737234296689e-04 8.960776176536455750e-05
1.182575514576456098e-04 9.044743637787178159e-05
1.188278789413743598e-04 9.326204599346965551e-05
1.192044731396890684e-04 9.201823559124022722e-05
1.183021990073029937e-04 9.025490726344287395e-05
1.184429927889141227e-04 9.146264346782118082e-05
1.183776358629984261e-04 9.380948904436081648e-05
1.183689397294074243e-04 9.167710959445685148e-05
1.183086088531126680e-04 9.100169700104743242e-05
1.193604788568336571e-04 9.151390986517071724e-05
1.185508473099616768e-04 9.123857307713478804e-05
1.183094910629733877e-04 9.076247806660830975e-05
1.188522552183712778e-04 9.146959928330034018e-05
1.181059964437736253e-04 9.143560600932687521e-05
1.186581662295793649e-04 9.369172767037525773e-05
1.187685833428986425e-04 9.190635319100692868e-05
1.185204284411156577e-04 9.203038644045591354e-05
1.185073187116358949e-04 9.049802611116319895e-05
1.183307479550421677e-04 9.207891707774251699e-05
1.181966503281728419e-04 9.074520494323223829e-05
1.182323459943290827e-04 8.990595233626663685e-05
1.184803583782922969e-04 9.071807289728894830e-05
1.188501442811684629e-04 8.938744576880708337e-05
1.180001620014081736e-04 9.038804273586720228e-05
1.185469239317171714e-04 9.091442916542291641e-05
1.182644819891720490e-04 8.968084148364141583e-05
1.189246575449942584e-04 9.162384230876341462e-05
1.182754515866690754e-04 9.124652569880709052e-05
1.187208146802731817e-04 8.882149268174543977e-05
1.184981022561260006e-04 9.246886475011706352e-05
1.184528670819418066e-04 9.153645078185945749e-05
1.183925430268573136e-04 9.221205982612445951e-05
1.188495020869595464e-04 9.295706695411354303e-05
1.181680991976463647e-04 9.011030488181859255e-05
1.183563645099638961e-04 9.222086373483762145e-05
