4.329216975602321466e-02 1.123599614948034286e-02
7.785287633305415164e-03 9.521624073386192322e-03
8.502999469055794873e-03 7.827928289771080017e-03
7.559959136415272951e-03 7.400921080261468887e-03
4.525081149768084461e-03 2.102354075759649277e-03
2.944312991166952911e-03 1.673051388934254646e-03
2.464563214743975550e-03 1.657543471083045006e-03
2.735736576141789556e-03 1.364763476885855198e-03
2.291663046344183472e-03 1.364556723274290562e-03
2.526430090074427599e-03 1.724809058941900730e-03
2.077145481598563406e-03 1.082933275029063225e-03
1.810837445373181297e-03 1.602847478352487087e-03
1.948728858405957042e-03 2.253312850371003151e-03
1.866235875786514866e-03 9.926059283316135406e-04
1.500087807653471871e-03 9.439187124371528625e-04
1.450223744177492249e-03 9.755937498994171619e-04
1.561208692146465269e-03 1.108371536247432232e-03
1.549293835705611898e-03 9.479278814978897572e-04
1.224414636089932087e-03 7.188576273620128632e-04
1.267402523808414117e-03 7.853074930608272552e-04
1.303932851442368701e-03 6.978408200666308403e-04
1.025184031459502919e-03 7.176423678174614906e-04
1.150069801224162845e-03 7.423436618410050869e-04
1.127165960497222841e-03 2.196747343987226486e-03
9.962251759134232564e-04 5.711430567316710949e-04
1.013722570132813460e-03 7.771454402245581150e-04
1.057521437905961561e-03 7.513082236982882023e-04
8.364518333110026582e-04 5.219207378104329109e-04
1.052180802798830016e-03 1.712175435386598110e-03
8.362716878764330907e-04 6.696730852127075195e-04
8.947552734753117399e-04 6.138839526101946831e-04
8.106520526780514047e-04 5.152978119440376759e-04
7.110451668268069191e-04 5.172094097360968590e-04
7.189424373791553297e-04 7.081674411892890930e-04
6.558404631505255090e-04 5.661546019837260246e-04
7.968125537445303053e-04 5.600041477009654045e-04
7.958924343256512657e-04 6.891136290505528450e-04
7.013783309957943640e-04 1.087446347810328007e-03
7.037928975478280119e-04 9.518081205897033215e-04
6.880888151499676021e-04 4.676988755818456411e-04
7.334615238505648449e-04 1.180406659841537476e-03
6.912802560691489124e-04 5.138890701346099377e-04
5.348965642042458057e-04 5.417634965851902962e-04
8.295201583678135865e-04 7.839367026463150978e-04
8.736390904232393733e-04 1.252842368558049202e-03
7.678459176531759588e-04 4.029450064990669489e-04
5.731336208555148698e-04 4.301732988096773624e-04
6.081549348891712508e-04 4.296620318200439215e-04
5.267343924060697170e-04 3.300694515928626060e-04
6.254311319935368374e-04 7.146251155063509941e-04
5.626978334476006715e-04 3.941736067645251751e-04
5.623405468213604763e-04 4.034026642329990864e-04
5.063589811470592611e-04 6.223022937774658203e-04
5.453776313515846120e-04 3.304294368717819452e-04
5.535665193747262968e-04 3.498337173368781805e-04
5.126532265421701812e-04 5.635193665511906147e-04
8.274703082861379006e-04 4.450066480785608292e-04
5.542315637285355045e-04 4.187100566923618317e-04
5.225642598816193640e-04 3.825247695203870535e-04
4.862112760747550272e-04 3.226755943614989519e-04
5.572500514972489761e-04 4.984503029845654964e-04
6.188422175910091028e-04 3.592378052417188883e-04
4.938412988849449686e-04 9.899307042360305786e-04
6.163340949569828808e-04 3.216848708689212799e-04
5.051679861935553639e-04 9.113752166740596294e-04
5.829691606777486889e-04 4.092971212230622768e-04
5.044724926847266250e-04 3.026757622137665749e-04
4.494766964853624705e-04 4.138651711400598288e-04
4.384400141134392687e-04 3.647735866252332926e-04
6.705301082547520785e-04 5.942290299572050571e-04
5.644219731038901738e-04 2.873576304409652948e-04
5.669295165716903501e-04 3.739586099982261658e-04
5.600478809355991395e-04 3.583704528864473104e-04
4.484192344534676305e-04 2.933299983851611614e-04
4.985312883945880241e-04 2.773993765003979206e-04
5.742230270698201345e-04 3.489517548587173223e-04
4.368614112536306276e-04 6.096758297644555569e-04
5.436165003629867421e-04 2.804133109748363495e-04
4.230140950312488604e-04 2.825816045515239239e-04
4.810472924873465889e-04 5.296538583934307098e-04
5.355860761483199678e-04 3.752141783479601145e-04
5.080276958324247537e-04 2.769425918813794851e-04
3.342300635267747458e-04 2.398927172180265188e-04
5.068381306045921519e-04 3.080652095377445221e-04
4.163443541983724789e-04 2.355880569666624069e-04
4.291540355552569855e-04 2.489564940333366394e-04
4.163949750363826860e-04 5.984504241496324539e-04
4.256714348230161596e-04 2.260291221318766475e-04
3.491371993732172779e-04 2.100335404975339770e-04
4.015089778476976898e-04 3.452661330811679363e-04
3.473575501629966094e-04 2.222500770585611463e-04
3.913122449375805228e-04 2.624829066917300224e-04
3.597957360398140519e-04 2.902591950260102749e-04
3.773722184632788304e-04 1.192343188449740410e-03
5.038194905864657337e-04 2.425909915473312140e-04
3.789564956605317786e-04 2.360551588935777545e-04
4.583654288580874090e-04 3.571191919036209583e-04
3.824059700491489128e-04 2.550016506575047970e-04
3.785325181524967666e-04 2.470546460244804621e-04
3.325309035062673502e-04 1.995327183976769447e-04
4.470517413210473132e-04 3.692546742968261242e-04
3.844002343612373590e-04 2.334044838789850473e-04
3.175289772116230086e-04 2.661251928657293320e-04
2.993600637637428008e-04 2.870754397008568048e-04
3.099671515883528411e-04 3.221544029656797647e-04
3.713350430189166435e-04 2.642488689161837101e-04
3.473054617643356540e-04 2.215603890363126993e-04
3.262604781411937221e-04 2.145513863069936633e-04
3.053883001484791748e-04 2.047028101515024900e-04
2.996591743794852153e-04 1.864446385297924280e-04
3.519532274367520586e-04 2.957785618491470814e-04
3.609873298046295748e-04 6.080657476559281349e-04
4.401055539346998557e-04 1.978617365239188075e-04
3.162814531606272577e-04 2.177226851927116513e-04
3.512955481710378081e-04 5.371264996938407421e-04
3.318500603199936450e-04 1.814566785469651222e-04
2.938455067123868286e-04 2.249446260975673795e-04
2.812351911416044567e-04 5.538265104405581951e-04
3.221235083401552401e-04 2.540160203352570534e-04
3.052393012694665231e-04 1.699383719824254513e-04
2.458952567394590005e-04 1.804369967430830002e-04
2.602930455395835343e-04 2.671114925760775805e-04
3.697806641866918653e-04 2.011165925068780780e-04
3.036425358004635308e-04 2.154615212930366397e-04
2.711062539674458311e-04 1.915737520903348923e-04
2.552169571572449058e-04 1.881136995507404208e-04
3.492018333417945433e-04 1.927247794810682535e-04
2.586543092547799677e-04 1.620731200091540813e-04
2.760146173386601623e-04 2.679011668078601360e-04
5.259825951725360721e-04 2.018026571022346616e-04
3.116139783742255748e-04 1.855902664829045534e-04
2.725515741985873319e-04 1.754072436597198248e-04
2.407047611995949518e-04 1.654347142903134227e-04
2.875211934224352955e-04 2.253208804177120328e-04
3.713770012836903225e-04 2.867845469154417515e-04
2.875768055673688867e-04 2.698633761610835791e-04
2.571656788859399858e-04 1.800429017748683691e-04
2.827808852089219510e-04 4.395762807689607143e-04
2.659250623764819357e-04 1.605884463060647249e-04
2.914759979830705561e-04 1.585100108059123158e-04
2.400863970251520987e-04 2.034726494457572699e-04
2.832063020832720104e-04 2.182933094445616007e-04
2.665342994077945843e-04 2.583324967417865992e-04
2.698147747651091668e-04 4.125730192754417658e-04
3.975413001171546057e-04 1.628028985578566790e-04
2.472819684044225358e-04 4.789900849573314190e-04
2.942066035757307180e-04 2.524932788219302893e-04
2.591295133242965676e-04 1.951535232365131378e-04
2.416836261545540657e-04 3.600129857659339905e-04
2.802512370180920806e-04 3.520841128192842007e-04
2.451941980325500589e-04 1.480321225244551897e-04
2.191897941884235533e-04 1.910555583890527487e-04
2.811731863403110873e-04 1.833410642575472593e-04
2.541396035667275901e-04 2.042140840785577893e-04
3.668902205390623056e-04 3.226784465368837118e-04
3.294391652161721249e-04 2.723457291722297668e-04
2.220776530521107015e-04 1.682410220382735133e-04
2.249420447697048184e-04 1.991350145544856787e-04
2.478891621649381596e-04 1.635713415453210473e-04
2.492856618118821752e-04 1.607706362847238779e-04
2.108474200213095173e-04 1.874211448011919856e-04
2.916170338721713268e-04 2.155825059162452817e-04
2.186488429288146909e-04 1.583898265380412340e-04
2.513581457606051117e-04 1.754754630383104086e-04
2.134923706762492657e-04 1.461508800275623798e-04
2.333513439225498587e-04 1.498254277976229787e-04
2.031676807746407630e-04 3.126312803942710161e-04
2.551156492700101916e-04 2.671168767847120762e-04
2.863551932023256303e-04 2.315098245162516832e-04
2.139599277143133858e-04 1.525189290987327695e-04
2.176034471631282995e-04 1.418871252099052072e-04
2.273672587762121220e-04 2.094360534101724625e-04
2.900938306993339211e-04 1.852679997682571411e-04
2.583435101769282266e-04 2.630382659845054150e-04
2.832369851603289352e-04 2.143067249562591314e-04
2.211450668255565742e-04 2.064174914266914129e-04
2.229583746157004552e-04 1.533920440124347806e-04
2.647554840223165121e-04 2.600644074846059084e-04
2.213898671470815207e-04 1.355505082756280899e-04
2.057867768598953262e-04 1.567915751365944743e-04
2.339120287615514826e-04 1.508945133537054062e-04
2.074802412607823607e-04 1.581687974976375699e-04
2.927244382590288513e-04 1.512072049081325531e-04
2.064243859422276674e-04 1.848662504926323891e-04
2.379540699621429775e-04 3.712215402629226446e-04
2.823187467583920915e-04 1.619010436115786433e-04
2.452246619213838022e-04 1.434385048924013972e-04
2.027897713560378125e-04 1.573885383550077677e-04
2.222597515356028344e-04 1.445190864615142345e-04
2.326131843801704235e-04 1.415252045262604952e-04
2.018827648498700055e-04 1.291824737563729286e-04
1.946422580658691004e-04 2.581404114607721567e-04
2.103822971548652276e-04 1.953705941559746861e-04
2.079818204947514459e-04 1.370827958453446627e-04
2.127484798620571437e-04 1.369957026327028871e-04
2.689366401682491414e-04 1.914614986162632704e-04
2.027721522608771812e-04 1.546947751194238663e-04
2.232629110949346904e-04 1.528829743620008230e-04
1.840827028900093973e-04 1.401285844622179866e-04
1.902316726955177674e-04 1.230730413226410747e-04
2.140255146514391527e-04 1.557608193252235651e-04
2.093158045681775548e-04 1.420176267856732011e-04
2.113594761794956758e-04 1.921895745908841491e-04
1.939560618666291811e-04 1.413444842910394073e-04
1.988818235986400341e-04 2.076749224215745926e-04
2.205110841714485960e-04 2.036440710071474314e-04
2.157463323783304022e-04 1.258662523468956351e-04
2.256542331451782848e-04 1.279299322050064802e-04
1.923204477861872820e-04 1.826057850848883390e-04
2.141841909178765545e-04 2.085599408019334078e-04
2.226080268883379176e-04 1.678496628301218152e-04
2.146343003914807923e-04 1.559371885377913713e-04
2.149570003894041347e-04 1.211467460962012410e-04
1.802623089133703507e-04 1.295701658818870783e-04
1.823419908760115396e-04 2.645148488227277994e-04
2.260656105136149617e-04 1.864813675638288260e-04
2.239417796772613547e-04 1.325863267993554473e-04
2.056924525277281754e-04 1.366142678307369351e-04
2.269763843287364688e-04 1.389138342346996069e-04
1.765457174769835438e-04 1.692032819846644998e-04
1.887195977360533962e-04 1.674254599492996931e-04
2.316240548680070733e-04 1.627467281650751829e-04
2.187284642786835429e-04 2.259935718029737473e-04
1.906867368234088699e-04 1.587287551956251264e-04
1.963367287316941548e-04 1.698304695310071111e-04
1.845425467763561755e-04 1.254908711416646838e-04
1.879557024949463139e-04 1.474625314585864544e-04
1.926569981151260381e-04 1.259573036804795265e-04
1.833042873840895536e-04 1.259009877685457468e-04
2.008742725593037958e-04 1.247041218448430300e-04
1.910025985125685111e-04 2.066993620246648788e-04
1.988064183933602072e-04 1.753433316480368376e-04
1.934267376782372485e-04 1.514066825620830059e-04
2.112772905093152022e-04 1.748718059388920665e-04
1.993273161133402136e-04 1.387641823384910822e-04
1.828344660680159049e-04 1.397373271174728870e-04
1.884319668533862514e-04 1.614176435396075249e-04
1.872020679002162123e-04 1.262695004697889090e-04
2.027966089372057413e-04 1.693921949481591582e-04
1.899140699606505114e-04 1.358148583676666021e-04
1.878573487374524229e-04 1.827441446948796511e-04
1.931558629621577092e-04 1.414663274772465229e-04
2.092665829877660253e-04 1.547216234030202031e-04
1.879417302006913706e-04 1.438507752027362585e-04
1.714402757897914745e-04 1.206557135446928442e-04
1.718502856419945710e-04 1.955214829649776220e-04
1.782931011803157216e-04 1.310606312472373247e-04
1.823533657443476841e-04 1.364484633086249232e-04
1.723634958580078146e-04 1.610007602721452713e-04
1.732495749820372913e-04 1.223535218741744757e-04
1.813012691854964888e-04 1.266894978471100330e-04
1.940129539434565340e-04 1.764298940543085337e-04
2.187134597079420874e-04 1.257627154700458050e-04
1.864750651293434257e-04 1.216704840771853924e-04
1.662841747020138373e-04 1.200329425046220422e-04
1.787027827049314510e-04 1.293645473197102547e-04
1.778037631993356572e-04 1.418908359482884407e-04
1.784414700523484390e-04 1.216140663018450141e-04
1.717818337965581923e-04 1.106194467865861952e-04
1.778455674866563695e-04 1.665477466303855181e-04
1.743271276609448305e-04 1.196520388475619256e-04
1.692658225692866782e-04 1.911037252284586430e-04
2.160289472158183398e-04 1.294926041737198830e-04
1.671243267992394922e-04 1.164458444691263139e-04
1.718111158879764735e-04 1.488828856963664293e-04
1.927337969391374026e-04 1.298942661378532648e-04
1.804052685656643007e-04 1.255093229701742530e-04
1.830120797421841308e-04 1.177171143353916705e-04
1.742793672747211639e-04 1.182581327157095075e-04
1.655289624977740459e-04 1.354867999907582998e-04
1.864428219050751013e-04 1.232811046065762639e-04
1.670470477620256188e-04 1.212844654219225049e-04
1.758699521815287935e-04 1.158873055828735232e-04
1.861329957137058900e-04 1.303356839343905449e-04
1.719143019727198407e-04 1.364159834338352084e-04
1.694066486379597336e-04 1.352662366116419435e-04
1.782309398549841825e-04 1.235162635566666722e-04
1.643164956476539319e-04 1.567715225974097848e-04
1.693809110292931910e-04 1.330658706137910485e-04
1.666895789639966205e-04 1.220729463966563344e-04
1.871282037427590748e-04 1.285600883420556784e-04
1.718376932331011739e-04 1.542363024782389402e-04
1.726617129861551748e-04 1.523092651041224599e-04
1.565897013279027360e-04 1.357809669570997357e-04
1.588091093253751859e-04 1.208188332384452224e-04
1.722401943879958708e-04 1.325207849731668830e-04
1.740094164233596421e-04 1.203531719511374831e-04
1.678288944276573656e-04 1.220734557136893272e-04
1.646908965994953286e-04 1.162944827228784561e-04
1.810240554732445216e-04 1.447588001610711217e-04
1.722517037705983858e-04 1.910340797621756792e-04
1.670911598921520527e-04 1.353344414383172989e-04
1.531091227661818374e-04 1.165817739092744887e-04
1.768400377841317203e-04 1.466721296310424805e-04
1.669645356741966734e-04 1.217398457811214030e-04
1.588742155945510658e-04 1.475988101447001100e-04
1.842089221099740934e-04 1.200022888951934874e-04
1.627437782190099824e-04 1.449350966140627861e-04
1.512866359917097779e-04 1.321720483247190714e-04
1.707119615275587312e-04 1.436615275451913476e-04
1.743035924846480958e-04 1.493568706791847944e-04
1.682579787484428325e-04 1.452788274036720395e-04
1.795208002477011286e-04 1.414838770870119333e-04
1.736174875077267751e-04 1.712381490506231785e-04
1.694705000772955882e-04 1.344298070762306452e-04
1.626901298550365027e-04 1.116691055358387530e-04
1.618806030819541829e-04 1.896289904834702611e-04
1.582084066285460613e-04 1.390675170114263892e-04
1.769449467246886397e-04 1.616637164261192083e-04
1.658241470977373010e-04 1.242002181243151426e-04
1.757259644364239540e-04 1.542056124890223145e-04
1.602606782398652177e-04 1.098868888220749795e-04
1.633140571357216794e-04 1.190727780340239406e-04
1.609973603081016227e-04 1.496626646257936954e-04
1.573668340824951938e-04 1.184915745398029685e-04
1.576397022290620899e-04 1.153147532022558153e-04
1.578718440214288313e-04 1.228328328579664230e-04
1.481196759414160624e-04 1.253418013220652938e-04
1.592007739418477231e-04 1.207107707159593701e-04
1.761179347340657787e-04 1.253520313184708357e-04
1.555198889946041271e-04 1.082397866412065923e-04
1.545207843264506610e-04 1.248670741915702820e-04
1.608607116395433022e-04 1.148784067481756210e-04
1.547845896311628112e-04 1.058639027178287506e-04
1.601032334292540435e-04 1.178611564682796597e-04
1.656119035033043420e-04 1.370043464703485370e-04
1.540131475849193467e-04 1.237387914443388581e-04
1.502793655163259354e-04 1.418530300725251436e-04
1.634226579881214894e-04 1.501306687714532018e-04
1.550216886244015660e-04 2.072863280773162842e-04
1.525185948594298679e-04 1.379544264636933804e-04
1.525303039670689140e-04 1.220161575474776328e-04
1.658360379224177450e-04 1.620661641936749220e-04
1.621122497454052737e-04 1.146471622632816434e-04
1.612971628674131298e-04 1.948060962604358792e-04
1.584925463248509859e-04 1.405646180501207709e-04
1.589734017215960085e-04 1.113418402383103967e-04
1.602557800651993548e-04 1.312192180193960667e-04
1.505459418694954311e-04 1.437464088667184114e-04
1.496820815191313105e-04 1.404374779667705297e-04
1.663162983277288785e-04 1.225295709446072578e-04
1.546909589706046918e-04 1.094478066079318523e-04
1.750303593325952642e-04 1.579665404278784990e-04
1.548571058265224565e-04 1.394336868543177843e-04
1.546669416711665798e-04 1.416420273017138243e-04
1.516130473646626342e-04 1.183756248792633414e-04
1.518444367320626151e-04 1.166889560408890247e-04
1.484685055402223844e-04 1.279467687709257007e-04
1.480041417380562161e-04 1.295755791943520308e-04
1.575793874508235712e-04 1.185087457997724414e-04
1.599257775524165481e-04 1.387095253448933363e-04
1.494245656431303414e-04 1.365231146337464452e-04
1.536729852887219641e-04 1.099403234547935426e-04
1.497708433817024451e-04 1.366310316370800138e-04
1.580055041813466178e-04 1.165967405540868640e-04
1.531158538455201670e-04 1.335269480478018522e-04
1.622095482161967138e-04 1.162664120784029365e-04
1.525034782389411649e-04 1.893785956781357527e-04
1.562084395118290504e-04 1.194497090182267129e-04
1.600697718458832296e-04 1.188765309052541852e-04
1.435221434803679531e-04 1.214948351844213903e-04
1.479833050325396417e-04 1.179824685095809400e-04
1.512399494458804838e-04 1.286446058657020330e-04
1.531715354758489520e-04 1.057174740708433092e-04
1.431586290891573407e-04 1.106489362427964807e-04
1.472934716730378677e-04 1.327971403952687979e-04
1.509581134996551500e-04 1.208496032631956041e-04
1.459364932088646929e-04 1.167186783277429640e-04
1.506729076027113533e-04 1.207321329275146127e-04
1.447673894290346652e-04 1.103945760405622423e-04
1.497439976446912570e-04 1.418296888004988432e-04
1.506304296526650487e-04 1.184571738122031093e-04
1.521951123322651147e-04 1.066593686118721962e-04
1.502964866631373189e-04 1.200248225359246135e-04
1.454028135412954617e-04 1.108604701585136354e-04
1.426844748493749540e-04 1.687932235654443502e-04
1.513451502432872076e-04 1.259515556739643216e-04
1.521764338576758746e-04 1.228108012583106756e-04
1.418988750629068764e-04 1.206998931593261659e-04
1.495613794759265256e-04 1.242433645529672503e-04
1.547381578347995054e-04 1.177215017378330231e-04
1.452658573725784772e-04 1.288653293158859015e-04
1.585251027790946063e-04 1.203407737193629146e-04
1.421651201781059973e-04 1.382374612148851156e-04
1.517748556580045206e-04 1.053461819537915289e-04
1.460972281165595578e-04 1.194176584249362350e-04
1.424148707883432562e-04 1.151333926827646792e-04
1.436156974705227293e-04 1.601331459823995829e-04
1.462999369323370155e-04 1.451580610591918230e-04
1.430654331670666688e-04 1.074498868547379971e-04
1.420015181793132851e-04 1.181245097541250288e-04
1.478454738389700597e-04 1.283700839849188924e-04
1.555721838485624121e-04 1.102456008084118366e-04
1.565524834404641351e-04 1.199254547827877104e-04
1.423580096343357636e-04 1.206282977364026010e-04
1.397508782247314175e-04 1.285815378651022911e-04
1.487684784478915444e-04 1.064453172148205340e-04
1.453293973099789474e-04 1.124062328017316759e-04
1.441563100343046190e-04 1.406873343512415886e-04
1.432539979759894777e-04 1.132534234784543514e-04
1.446058729925425832e-04 1.201849663630127907e-04
1.395783073348866364e-04 1.481471990700811148e-04
1.491529250415624174e-04 1.103186878026463091e-04
1.432542599104635883e-04 1.425515656592324376e-04
1.431899534509284530e-04 1.048304256983101368e-04
1.386502824971103218e-04 1.268003979930654168e-04
1.413270989360171316e-04 1.064383177435956895e-04
1.421567363649955896e-04 1.071305450750514865e-04
1.418804541572171675e-04 1.095106272259727120e-04
1.536913267045747597e-04 1.061375951394438744e-04
1.476217800700396657e-04 1.278445270145311952e-04
1.456930199310590979e-04 1.172664560726843774e-04
1.407044899679022018e-04 1.054349340847693384e-04
1.414363277945085429e-04 1.161027903435751796e-04
1.507050666077702718e-04 1.120249289670027792e-04
1.425824791112972781e-04 1.048611738951876760e-04
1.423211055225692744e-04 1.181410989374853671e-04
1.393232852024084369e-04 1.104307812056504190e-04
1.430852214070910014e-04 1.211204216815531254e-04
1.473610232096689288e-04 1.058490452123805881e-04
1.394531300320522860e-04 1.147367875091731548e-04
1.433269809240300620e-04 1.247914624400436878e-04
1.433763287423062084e-04 1.801190082915127277e-04
1.454366962207131965e-04 1.220969570567831397e-04
1.368036834719532527e-04 1.000706324703060091e-04
1.405213030921004139e-04 1.140795429819263518e-04
1.379242537041136421e-04 1.074011670425534248e-04
1.401931088366836884e-04 9.971930558094754815e-05
1.371337866657995619e-04 1.099825603887438774e-04
1.366850854537915547e-04 1.046529723680578172e-04
1.406398607286973748e-04 1.056594628607854247e-04
1.388091168337268755e-04 1.092362217605113983e-04
1.353461675535072573e-04 1.068497513188049197e-04
1.395030484673043302e-04 1.143052140832878649e-04
1.373133360175415819e-04 1.086749616661109030e-04
1.360879199637565816e-04 1.503264938946813345e-04
1.423436235199915137e-04 1.204065047204494476e-04
1.367711276543559398e-04 1.485699031036347151e-04
1.433140989320236150e-04 1.140492968261241913e-04
1.404333007485547514e-04 1.052481384249404073e-04
1.466384007471788101e-04 1.125927083194255829e-04
1.499284928286215182e-04 1.072981249308213592e-04
1.420608922671817763e-04 1.122317480621859431e-04
1.362461346616328337e-04 1.027752659865655005e-04
1.376290279949898777e-04 1.187093657790683210e-04
1.404127687237632981e-04 1.078193527064286172e-04
1.343068707683414632e-04 1.211019116453826427e-04
1.338618106274225392e-04 1.088081626221537590e-04
1.406637830768886434e-04 1.005050507956184447e-04
1.389052866215934154e-04 1.219961777678690851e-04
1.420256505298311714e-04 1.062127776094712317e-04
1.372902826005883926e-04 1.086740739992819726e-04
1.365474287922552213e-04 1.050831779139116406e-04
1.335942638434062246e-04 1.066095574060454965e-04
1.334281219897093197e-04 1.094553590519353747e-04
1.442008570847974570e-04 1.031272913678549230e-04
1.345517515801475438e-04 1.153282573795877397e-04
1.373876342768198865e-04 1.140199747169390321e-04
1.352568902802886387e-04 1.216810342157259583e-04
1.374941447465971632e-04 1.128727308241650462e-04
1.360994350761757286e-04 1.061900838976725936e-04
1.350398301838140469e-04 1.051853178068995476e-04
1.342121197922097162e-04 1.017506365315057337e-04
1.367528536320605673e-04 1.166284782811999321e-04
1.381580155793926624e-04 1.115813865908421576e-04
1.355667420284589644e-04 1.052935258485376835e-04
1.394960684592661091e-04 1.145308269769884646e-04
1.348497334220155662e-04 1.078786226571537554e-04
1.442421602405374924e-04 1.130664968513883650e-04
1.331070127889688701e-04 1.020044073811732233e-04
1.306071339968184475e-04 1.069708159775473177e-04
1.362396684271516224e-04 1.134857302531599998e-04
1.388343916914891452e-04 1.107201242120936513e-04
1.326550520388991464e-04 1.056338878697715700e-04
1.353636489511700347e-04 1.140555250458419323e-04
1.337073662398324868e-04 1.047544792527332902e-04
1.336753807663626503e-04 1.040485367411747575e-04
1.336827074737812035e-04 9.963430056814104319e-05
1.333989203885721454e-04 1.234457595273852348e-04
1.317645454946614390e-04 1.040487113641574979e-04
1.319667297138949033e-04 1.119432272389531136e-04
1.343087959867261870e-04 1.052028237609192729e-04
1.370180350022564999e-04 1.034344313666224480e-04
1.367633098197984563e-04 1.035732202581129968e-04
1.371180818750872331e-04 1.045495373546145856e-04
1.302357524764374721e-04 1.034402739605866373e-04
1.319077986408956403e-04 1.039598937495611608e-04
1.336857053502171766e-04 1.032904037856496871e-04
1.334854644483130068e-04 1.087149939849041402e-04
1.348631976725300774e-04 1.072137820301577449e-04
1.355134239929611849e-04 1.155576901510357857e-04
1.299778873544710223e-04 1.050627106451429427e-04
1.342973418104520587e-04 9.857625991571694613e-05
1.335856223704467939e-04 1.368435478070750833e-04
1.332197221927344745e-04 1.169135357486084104e-04
1.330819285612960866e-04 9.821038838708773255e-05
1.306295861468243001e-04 1.043485099216923118e-04
1.311173968133516664e-04 1.156974103651009500e-04
1.327352186308417112e-04 1.033966909744776785e-04
1.299625129831838313e-04 1.107550342567265034e-04
1.289457336497434881e-04 1.080365182133391500e-04
1.309010563090851065e-04 1.038767732097767293e-04
1.327665359895036036e-04 1.005630911095067859e-04
1.305562410379934536e-04 1.093915780074894428e-04
1.353391694465244655e-04 1.055942993843927979e-04
1.307084359723376002e-04 1.016883325064554811e-04
1.304973819060251225e-04 1.077281049219891429e-04
1.335161161478026662e-04 9.809797484194859862e-05
1.345718788797967082e-04 1.167268710560165346e-04
1.388448895340843592e-04 1.051598665071651340e-04
1.317251869295432590e-04 1.064532771124504507e-04
1.325954881394864060e-04 1.310566731262952089e-04
1.301356494877836775e-04 9.766469884198158979e-05
1.320435558227472939e-04 1.114931437768973410e-04
1.301361968216951882e-04 1.042778822011314332e-04
1.322515837273385787e-04 1.240661076735705137e-04
1.395724520989460871e-04 1.112558675231412053e-04
1.282638929296808675e-04 1.007869868772104383e-04
1.342639127869915791e-04 1.090701916837133467e-04
1.296238600843935328e-04 1.091522062779404223e-04
1.352049260276544482e-04 1.233478105859830976e-04
1.298196541029028486e-04 9.694761683931574225e-05
1.291847540414892029e-04 9.774500358616933227e-05
1.283898464862431811e-04 1.008672843454405665e-04
1.302225380641175542e-04 1.060614595189690590e-04
1.312257340032374541e-04 1.026239042403176427e-04
1.274067405574896730e-04 9.970639075618237257e-05
1.316613193921511939e-04 1.004959485726431012e-04
1.294312298341537717e-04 9.283078543376177549e-05
1.302265039157646351e-04 1.133200712502002716e-04
1.282429035200038871e-04 1.151543328887782991e-04
1.307259283748862908e-04 9.862716251518577337e-05
1.322379662269668188e-04 1.113692633225582540e-04
1.285268981519038789e-04 1.006045640679076314e-04
1.300976524362340515e-04 9.650874562794342637e-05
1.298529628002142999e-04 1.291721855523064733e-04
1.302935834246454760e-04 1.075391774065792561e-04
1.267330605514871314e-04 9.761632827576249838e-05
1.281158516576397179e-04 1.051957733579911292e-04
1.268163000531785656e-04 1.025429955916479230e-04
1.288989906242932193e-04 1.021772040985524654e-04
1.275985018764913548e-04 9.753247286425903440e-05
1.293077448281110264e-04 1.165110370493493974e-04
1.279425659959088080e-04 9.884559403872117400e-05
1.289907312639115898e-04 1.005509257083758712e-04
1.282315234675479533e-04 1.049919665092602372e-04
1.319003200478618910e-04 1.095487241400405765e-04
1.273446965569746626e-04 1.024118828354403377e-04
1.271345091481634827e-04 1.065149990608915687e-04
1.293426231313787812e-04 1.017620088532567024e-04
1.299376719543943073e-04 1.019578994601033628e-04
1.271630400879075642e-04 1.036698668031021953e-04
1.266271267923002705e-04 1.036207322613336146e-04
1.296755544899497181e-04 1.011975109577178955e-04
1.254918663107673529e-04 1.013238652376458049e-04
1.277623540772765463e-04 1.032164873322471976e-04
1.267210862351930809e-04 9.954503184417262673e-05
1.339321680461580345e-04 1.003700454020872712e-04
1.281010558159323463e-04 1.020856216200627387e-04
1.272233373128983549e-04 9.548728121444582939e-05
1.264444222215388436e-04 1.044710879796184599e-04
1.261735857951862163e-04 1.086614429368637502e-04
1.266522495825483875e-04 1.013485816656611860e-04
1.265927230633678846e-04 1.022581855067983270e-04
1.270658298381022232e-04 1.015927555272355676e-04
1.262968851733603623e-04 1.037515467032790184e-04
1.276491974749660639e-04 1.004145015031099319e-04
1.255922921700403040e-04 9.757099178386852145e-05
1.319864126344327869e-04 1.031988067552447319e-04
1.285867730985046256e-04 1.017988979583606124e-04
1.279071467251924278e-04 1.018518596538342535e-04
1.266573275643168071e-04 1.050914506777189672e-04
1.270254445444152333e-04 1.004679579637013376e-04
1.260885700503422467e-04 1.004834921332076192e-04
1.245140052560600398e-04 1.158989762188866735e-04
1.268193124815297670e-04 1.019081537378951907e-04
1.246994864231965147e-04 9.705543925520032644e-05
1.268716252525336932e-04 1.000072079477831721e-04
1.257692883882555179e-04 1.004752703011035919e-04
1.266343110728485044e-04 1.006053280434571207e-04
1.258226778190874137e-04 9.589613182470202446e-05
1.254167388651694528e-04 9.634923480916768312e-05
1.262294322259549517e-04 9.988201782107353210e-05
1.264266592443164027e-04 9.790871990844607353e-05
1.239863549017172827e-04 9.597781900083646178e-05
1.279464972867572214e-04 1.018942784867249429e-04
1.272166703529365003e-04 1.051701692631468177e-04
1.262497435163822956e-04 1.010609121294692159e-04
1.236742089531617348e-04 9.961061732610687613e-05
1.249317440851882674e-04 9.622293146094307303e-05
1.237509653037705101e-04 9.857145778369158506e-05
1.246983712007931845e-04 1.042056683218106627e-04
1.251949216566572377e-04 1.015547095448710024e-04
1.248894085620122550e-04 9.682632662588730454e-05
1.262644762391573858e-04 9.500984015176072717e-05
1.245027096047124414e-04 1.005454469122923911e-04
1.277136200769746319e-04 1.095589250326156616e-04
1.241316299456229899e-04 9.851263894233852625e-05
1.234380673849955255e-04 9.859532292466610670e-05
1.242571155671612414e-04 9.766141010913997889e-05
1.240779247382306494e-04 1.007655737339518964e-04
1.250668623470119255e-04 1.019173796521499753e-04
1.238514229044085314e-04 1.066714758053421974e-04
1.243773668647918330e-04 1.194660217151977122e-04
1.235413289577991128e-04 1.001728451228700578e-04
1.240550272996188141e-04 9.841944847721606493e-05
1.226241822223528180e-04 1.018331531668081880e-04
1.260147333596250919e-04 9.907591447699815035e-05
1.232770243404956892e-04 1.002244098344817758e-04
1.239800538314739351e-04 9.598977339919656515e-05
1.243249537765223176e-04 9.941761527443304658e-05
1.259971175386454087e-04 1.008238905342295766e-04
1.237198404851369451e-04 9.905610932037234306e-05
1.235422561876475703e-04 9.678505011834204197e-05
1.243407667971041573e-04 9.813217911869287491e-05
1.243228291059494841e-04 1.012656139209866524e-04
1.220604591253504569e-04 1.018484690575860441e-04
1.227449564794369562e-04 9.454882092541083694e-05
1.239904505382582957e-04 1.198735990328714252e-04
1.253331299267301693e-04 9.594034781912341714e-05
1.231746969097002875e-04 9.856691758614033461e-05
1.236994161445181871e-04 1.046859761117957532e-04
1.227423756972712107e-04 1.103892427636310458e-04
1.234724085406924186e-04 1.020087656797841191e-04
1.227882617968134528e-04 9.584176586940884590e-05
1.228865180564753246e-04 1.027422476909123361e-04
1.226316790052806027e-04 9.714854240883141756e-05
1.249928809556877241e-04 1.001307246042415500e-04
1.224461298988899162e-04 1.027242760756053030e-04
1.229111085194745101e-04 9.740735549712553620e-05
1.226158138706523405e-04 1.025015953928232193e-04
1.250856896149343703e-04 1.035216992022469640e-04
1.228812066983664354e-04 1.020929412334226072e-04
1.245942954483325539e-04 1.025048550218343735e-04
1.217278415424516452e-04 9.737825166666880250e-05
1.241919186213635785e-04 9.898558346321806312e-05
1.220984631800092757e-04 9.900319855660200119e-05
1.224896101120975746e-04 9.957604197552427649e-05
1.214720136886171531e-04 9.989887621486559510e-05
1.213689011819951648e-04 1.076958942576311529e-04
1.231291505064291305e-04 1.139071100624278188e-04
1.226472410962742179e-04 1.071961378329433501e-04
1.213140793879574685e-04 9.776005754247307777e-05
1.222307458192517624e-04 9.966186189558357000e-05
1.238431546880747137e-04 1.011329441098496318e-04
1.240655225956288524e-04 9.861394210020080209e-05
1.206261113111395389e-04 9.557603334542363882e-05
1.223944619596295470e-04 9.495731501374393702e-05
1.222346597387513503e-04 1.051338258548639715e-04
1.210697014357720036e-04 9.890670480672270060e-05
1.204687749122967916e-04 9.817154932534322143e-05
1.216530491547018701e-04 9.903898171614855528e-05
1.213851232023444081e-04 9.960956231225281954e-05
1.209646593451907393e-04 9.864148159977048635e-05
1.226129886163107477e-04 1.041309078573249280e-04
1.251335231245320648e-04 9.979047899832949042e-05
1.210205443385348217e-04 1.025567034957930446e-04
1.221326193444838228e-04 1.024535740725696087e-04
1.211150727613130557e-04 9.958541340893134475e-05
1.199738379000336836e-04 9.897349082166329026e-05
1.205986471177311587e-04 9.815358498599380255e-05
1.225000272825127522e-04 1.059975038515403867e-04
1.225485678332916104e-04 9.614227019483223557e-05
1.209586404911533491e-04 1.003775396384298801e-04
1.211141247040359358e-04 9.877527190838009119e-05
1.216340696373663431e-04 9.709563892101868987e-05
1.213608915350050720e-04 9.844865417107939720e-05
1.207208529194758739e-04 9.899693395709618926e-05
1.219695671352383188e-04 1.002794597297906876e-04
1.201323945679178023e-04 9.691309969639405608e-05
1.210951635584933737e-04 1.012819484458304942e-04
1.204009144203155356e-04 1.032340369420126081e-04
1.217350862134480822e-04 1.019395640469156206e-04
1.212987151120614753e-04 9.114172280533239245e-05
1.217970664583845037e-04 9.953486733138561249e-05
1.198807623040920535e-04 9.733501792652532458e-05
1.206153277053090251e-04 9.888596832752227783e-05
1.199324965455161873e-04 9.587915701558813453e-05
1.205745918923639665e-04 1.069114659912884235e-04
1.215652309838333167e-04 1.052869338309392333e-04
1.206405527227616403e-04 1.001631244434975088e-04
1.195992935208778417e-04 9.773489000508561730e-05
1.226872993356664557e-04 9.531788964523002505e-05
1.193863936350680888e-04 9.848417539615184069e-05
1.186190055705083123e-04 9.524665802018716931e-05
1.195519615066586967e-04 9.216002945322543383e-05
1.233471373780048561e-04 9.472080273553729057e-05
1.200011486616858720e-04 1.017805625451728702e-04
1.202248486151802354e-04 9.569829853717237711e-05
1.192051955513306839e-04 9.874872921500355005e-05
1.205739306897157776e-04 9.852692164713516831e-05
1.203222386720881332e-04 9.599958866601809859e-05
1.200132521262276013e-04 9.826025780057534575e-05
1.192970479678479077e-04 9.904886974254623055e-05
1.201383021907531683e-04 9.507879440207034349e-05
1.195187051962420756e-04 9.939740266418084502e-05
1.196790658468671609e-04 9.490181400906294584e-05
1.196544292724865927e-04 1.010867563309147954e-04
1.190995824799756492e-04 9.753328777151182294e-05
1.191145513075753142e-04 9.693710308056324720e-05
1.196473335767223034e-04 9.424863674212247133e-05
1.193238867017498760e-04 9.945176134351640940e-05
1.199677267322840635e-04 9.969709208235144615e-05
1.194059143927006490e-04 9.504042827757075429e-05
1.210080437886063037e-04 9.686803241493180394e-05
1.182772753963945379e-04 9.557597513776272535e-05
1.192816284856235143e-04 9.703065006760880351e-05
1.200850068016734413e-04 9.872023656498640776e-05
1.200295552735042320e-04 9.749825403559952974e-05
1.188888712931657264e-04 9.832395153352990746e-05
1.192080494547553826e-04 9.999433677876368165e-05
1.189114714179595467e-04 9.851537470240145922e-05
1.186986653920030194e-04 1.005288577289320529e-04
1.181133689897251261e-04 9.899023280013352633e-05
1.188349534459121005e-04 9.647307888371869922e-05
1.195331139570043915e-04 9.826775931287556887e-05
1.185819321108283502e-04 9.688541467767208815e-05
1.185053632070776048e-04 9.773161582415923476e-05
1.182211125524190774e-04 9.896371193462982774e-05
1.175428595161065432e-04 9.452986705582588911e-05
1.185404010357160560e-04 1.125635608332231641e-04
1.179618912829027923e-04 9.616838360670953989e-05
1.183252262308087611e-04 1.012524808174930513e-04
1.188083325359912069e-04 9.839595441007986665e-05
1.186483557830797481e-04 9.705551201477646828e-05
1.193615065858466605e-04 9.562470950186252594e-05
1.179331457024090923e-04 1.051067811204120517e-04
1.183186695016047506e-04 9.554816642776131630e-05
1.179352681901946225e-04 9.705223783385008574e-05
1.177250281216402045e-04 9.888796193990856409e-05
1.184612518954963943e-04 9.625842358218505979e-05
1.183324390694906497e-04 1.076070329872891307e-04
1.187883377497200800e-04 9.504350600764155388e-05
1.172736528133100419e-04 9.789688192540779710e-05
1.183540250167425283e-04 9.507071081316098571e-05
1.184064069093437892e-04 9.437037806492298841e-05
1.190067127936345059e-04 9.406304161529988050e-05
1.175910156234749593e-04 9.467567724641412497e-05
1.182138703370583244e-04 9.885577310342341661e-05
1.186558770314150024e-04 1.077599808922968805e-04
1.176734919681621277e-04 9.730429155752062798e-05
1.180813965220295358e-04 9.726558346301317215e-05
1.165257883258163956e-04 9.827443864196538925e-05
1.182611721560533678e-04 9.779470565263181925e-05
1.178515645733568763e-04 9.789889736566692591e-05
1.196336233988404274e-04 9.349353786092251539e-05
1.175279970993869992e-04 1.002278659143485129e-04
1.174488352262414992e-04 9.839339327299967408e-05
1.177546503640769488e-04 9.530194802209734917e-05
1.173047397969639914e-04 9.921153832692652941e-05
1.176347023829293849e-04 9.577321179676800966e-05
1.180339675556751872e-04 1.006869133561849594e-04
1.169082017440814552e-04 9.503295586910098791e-05
1.166351425126777085e-04 9.489805233897641301e-05
1.184893465506320326e-04 9.484364272793754935e-05
1.166520110928104205e-04 9.728211443871259689e-05
1.172376579233969042e-04 9.570216934662312269e-05
1.165431633125990656e-04 1.119624794228002429e-04
1.176322345600056023e-04 9.510058589512482285e-05
1.171943652479967541e-04 9.540568862576037645e-05
1.171313273516716490e-04 9.798868268262594938e-05
1.177480926344287582e-04 9.645484533393755555e-05
1.173158134406548925e-04 1.011548665701411664e-04
1.164267398962692796e-04 1.007328173727728426e-04
1.171992188574222436e-04 9.399359259987249970e-05
1.173678017039492288e-04 9.737473737914115191e-05
1.173554311208135860e-04 9.806884918361902237e-05
1.172115838016907192e-04 9.621722711017355323e-05
1.167474424619285855e-04 9.920574666466563940e-05
1.161675795628980268e-04 1.005392405204474926e-04
1.162179563834797645e-04 9.910230437526479363e-05
1.166469682175375110e-04 9.871736256172880530e-05
1.166678258414321990e-04 9.674939792603254318e-05
1.157786568001029136e-04 9.619087359169498086e-05
1.159705027021118467e-04 9.383046563016250730e-05
1.169615202343265992e-04 1.002205754048191011e-04
1.168921170574321931e-04 9.337255323771387339e-05
1.170319454104173901e-04 9.416909597348421812e-05
1.161992707238823614e-04 9.571174450684338808e-05
1.158464087893662509e-04 9.583183418726548553e-05
1.171275799606519231e-04 9.593000140739604831e-05
1.160864804660377504e-04 9.310866153100505471e-05
1.163655036179989084e-04 9.812728967517614365e-05
1.161215853244357250e-04 9.425728057976812124e-05
1.165470755950082066e-04 9.299049997935071588e-05
1.161841750217718126e-04 9.778754611033946276e-05
1.170653966255485984e-04 1.017285394482314587e-04
1.168449289252748713e-04 9.612179565010592341e-05
1.168008035165257698e-04 9.735516505315899849e-05
1.160639297268062337e-04 9.718209912534803152e-05
1.167808410173165558e-04 9.715685155242681503e-05
1.158280083473073319e-04 9.659417264629155397e-05
1.158906367891177097e-04 9.531692194286733866e-05
1.164926617093442419e-04 9.868468623608350754e-05
1.152260384515102433e-04 9.317610238213092089e-05
1.156255938440153895e-04 9.486136696068570018e-05
1.161367395070556086e-04 9.510546806268393993e-05
1.156828267994569642e-04 9.300654346588999033e-05
1.163111840469355202e-04 9.342160774394869804e-05
1.152935142272326630e-04 9.910605149343609810e-05
1.160903584604966454e-04 9.496694110566750169e-05
1.162093251878104611e-04 9.437691915081813931e-05
1.160018898190173813e-04 9.581349149812012911e-05
1.152659345279971576e-04 9.359725663671270013e-05
1.152756574811064611e-04 9.473673708271235228e-05
1.159237539468449595e-04 9.480544395046308637e-05
1.157327690634701840e-04 9.592704009264707565e-05
1.152550581537070630e-04 9.441623842576518655e-05
1.155847226073092315e-04 9.451426740270107985e-05
1.149958804489870117e-04 9.725347626954317093e-05
1.149357318354304826e-04 9.418392437510192394e-05
1.161853785561106661e-04 9.559813042869791389e-05
1.170988898593350314e-04 9.660963405622169375e-05
1.149174478996428688e-04 9.346159640699625015e-05
1.157205085291934692e-04 9.696091001387685537e-05
1.151739140368590624e-04 9.276048513129353523e-05
1.150295038314652629e-04 9.601206693332642317e-05
1.156766091298777583e-04 9.555950236972421408e-05
1.160369152785278803e-04 9.759479871718212962e-05
1.149619544776214779e-04 9.801062697079032660e-05
1.156859295406320625e-04 9.642056102165952325e-05
1.154235383182822261e-04 9.498118015471845865e-05
1.160328474725247361e-04 9.566060180077329278e-05
1.153115892520872903e-04 9.901447629090398550e-05
1.154803502686263582e-04 9.959899034583941102e-05
1.148871486293501194e-04 9.645582758821547031e-05
1.150078624050365761e-04 9.585722000338137150e-05
1.147498017417092315e-04 9.544081694912165403e-05
1.151013198978034725e-04 9.339012467535212636e-05
1.155556084995623705e-04 9.459089778829365969e-05
1.143626050179591402e-04 9.502773173153400421e-05
1.145780910519533845e-04 9.578162280377000570e-05
1.151116886831005131e-04 9.458458225708454847e-05
1.144868690971634324e-04 9.522792970528826118e-05
1.148072034084179850e-04 9.834087541094049811e-05
1.164607499049452626e-04 9.558159217704087496e-05
1.143415312071738245e-04 9.650482388678938150e-05
1.144980638855486123e-04 9.469480573898181319e-05
1.139504781349387513e-04 9.549019159749150276e-05
1.152041943896620042e-04 1.015621382975950837e-04
1.150555153799359687e-04 9.785280417418107390e-05
1.152050092969147927e-04 9.607752144802361727e-05
1.139757359851500951e-04 9.482225868850946426e-05
1.144596612903114874e-04 9.626119572203606367e-05
1.141778070632426534e-04 9.474905527895316482e-05
1.137928830758028144e-04 9.552428673487156630e-05
1.149103462012135397e-04 9.567891538608819246e-05
1.147217351899598698e-04 9.771244367584586143e-05
1.140408159699291018e-04 9.393197251483798027e-05
1.140592535193718504e-04 9.255799523089081049e-05
1.145685924711869975e-04 9.416539978701621294e-05
1.144500572991091731e-04 9.624542872188612819e-05
1.135483938924153390e-04 9.618000331101939082e-05
1.145325624747783904e-04 9.821301500778645277e-05
1.142892449934151928e-04 1.005531667033210397e-04
1.160307154350448373e-04 9.541978215565904975e-05
1.140451788160135065e-04 9.183153451886028051e-05
1.137573115556733656e-04 9.540064638713374734e-05
1.143396325460344087e-04 9.548800881020724773e-05
1.142178784903080668e-04 1.006068996503017843e-04
1.141845466918311986e-04 9.656009206082671881e-05
1.144031627518415944e-04 9.838026016950607300e-05
1.146495177636097705e-04 9.624027006793767214e-05
1.140115822636289576e-04 9.393900108989328146e-05
1.137151727562013575e-04 1.005305675789713860e-04
1.134074628680536935e-04 9.351775224786251783e-05
1.136480644163384541e-04 9.534439595881849527e-05
1.137761605605192017e-04 9.767804294824600220e-05
1.138610105954285191e-04 9.368593600811436772e-05
1.144782152550760629e-04 9.682151721790432930e-05
1.141907639976125183e-04 9.533415141049772501e-05
1.133774718255153803e-04 9.604101069271564484e-05
1.145203703345032382e-04 9.688657883089035749e-05
1.139676322054583552e-04 9.398101974511519074e-05
1.135182166763115701e-04 9.492678509559482336e-05
1.136120923547423390e-04 9.558183228364214301e-05
1.142780855843739173e-04 9.792581113288179040e-05
1.140107204264495495e-04 9.723373659653589129e-05
1.136895344643562512e-04 9.538980521028861403e-05
1.134500054831733023e-04 9.597765892976894975e-05
1.127950762565888053e-04 9.495809354120865464e-05
1.135580357185972416e-04 9.395809320267289877e-05
1.132534957832831424e-04 9.476816921960562468e-05
1.131527305005875005e-04 9.920461889123544097e-05
1.136798430707131020e-04 9.421585127711296082e-05
1.134726207965286449e-04 1.043982556439004838e-04
1.145952765000401996e-04 9.658610360929742455e-05
1.130868306972843102e-04 9.423811570741236210e-05
1.132434810642735128e-04 9.650352149037644267e-05
1.132206642978417276e-04 9.468338976148515940e-05
1.131260287365876138e-04 9.664697427069768310e-05
1.133999027842946843e-04 9.613165457267314196e-05
1.130145054958120508e-04 9.389004117110744119e-05
1.127679931414604680e-04 9.953805420082062483e-05
1.132563516875961741e-04 9.629641135688871145e-05
1.132956893343361999e-04 9.270558075513690710e-05
1.132108652200258830e-04 9.587088425178080797e-05
1.131854403865872855e-04 9.757377119967713952e-05
1.134384394390508560e-04 9.418022091267630458e-05
1.131834744228399386e-04 9.439779387321323156e-05
1.140649927037884454e-04 9.808427421376109123e-05
1.131158152929856469e-04 9.562604100210592151e-05
1.124236923715216108e-04 9.605244122212752700e-05
1.126351669881842072e-04 9.424368909094482660e-05
1.128252019043429809e-04 9.470221266383305192e-05
1.133964035943790777e-04 9.576143929734826088e-05
1.131395999891537940e-04 9.490825323155149817e-05
1.122240306358435137e-04 9.576001320965588093e-05
1.125683009377098615e-04 9.514699195278808475e-05
1.131128298766270773e-04 9.384547593072056770e-05
1.132793840042722931e-04 9.801114356378093362e-05
1.127465261561155785e-04 9.556440636515617371e-05
1.129127322201384231e-04 9.369927283842116594e-05
1.126319822105870062e-04 1.017519243760034442e-04
1.125237346059293432e-04 9.422332368558272719e-05
1.124496707234357018e-04 9.417741966899484396e-05
1.126085999203496613e-04 9.372473141411319375e-05
1.120854380133096183e-04 9.493433026364073157e-05
1.127052264564554207e-04 9.704047988634556532e-05
1.127200564951635870e-04 9.753865742823109031e-05
1.128526475440594395e-04 9.325592691311612725e-05
1.124854737099667518e-04 9.469986252952367067e-05
1.124325896853406475e-04 9.714096086099743843e-05
1.127078036006423591e-04 9.583058272255584598e-05
1.127089971305395065e-04 9.502312605036422610e-05
1.127878610532206976e-04 9.404517186339944601e-05
1.122335120271600317e-04 9.200959175359457731e-05
1.125383480029995580e-04 9.558048623148351908e-05
1.125549702010175679e-04 9.511382086202502251e-05
1.122849453167873435e-04 9.340082760900259018e-05
1.126256301176908946e-04 9.532630792818963528e-05
1.122346533520612920e-04 9.595234587322920561e-05
1.133101156483462573e-04 9.435483661945909262e-05
1.123277183069149086e-04 9.433239029021933675e-05
1.123899577578413354e-04 9.664749086368829012e-05
1.120519184951262987e-04 9.508756193099543452e-05
1.125933248658839202e-04 9.343425335828214884e-05
1.120839228860859293e-04 9.298729128204286098e-05
1.124571022046438884e-04 9.480865264777094126e-05
1.123193184866977417e-04 9.308797598350793123e-05
1.126563632169563762e-04 9.529599628876894712e-05
1.120103011089668144e-04 9.426810720469802618e-05
1.121460542890417882e-04 9.541644249111413956e-05
1.119977726375509492e-04 9.103339107241481543e-05
1.122975611906440436e-04 9.362831769976764917e-05
1.116653463213879177e-04 9.405722084920853376e-05
1.122672725614393076e-04 9.276492346543818712e-05
1.118837169087782995e-04 9.591594425728544593e-05
1.123244814152712988e-04 9.554524149280041456e-05
1.125930683883780202e-04 9.419735579285770655e-05
1.121746883654850562e-04 9.648704144638031721e-05
1.118611426136340015e-04 9.556787699693813920e-05
1.122863402088114553e-04 9.529154340270906687e-05
1.117317358875879991e-04 9.286992280976846814e-05
1.121968039115017746e-04 9.391014464199542999e-05
1.118733112889458371e-04 9.395868983119726181e-05
1.117964507102442440e-04 9.445787145523354411e-05
1.128231828261050450e-04 9.302150283474475145e-05
1.115618292715225834e-04 9.601489000488072634e-05
1.115922004828462377e-04 9.533517732052132487e-05
1.119024336730944924e-04 9.401655552210286260e-05
1.114892745135875912e-04 9.438143024453893304e-05
1.120570117564057054e-04 9.579772449797019362e-05
1.123635401654610205e-04 9.575860167387872934e-05
1.118624001719581456e-04 9.472281817579641938e-05
1.115768975068931495e-04 9.325655264547094703e-05
1.115723905058985137e-04 9.474025864619761705e-05
1.117184354370692718e-04 9.681027586339041591e-05
1.115637136535951922e-04 9.464174218010157347e-05
1.114651028728985720e-04 9.286960994359105825e-05
1.118482603487791466e-04 9.488308569416403770e-05
1.117861796046781792e-04 9.371187479700893164e-05
1.117222058383049498e-04 9.436566324438899755e-05
1.118343246162112310e-04 9.639914060244336724e-05
1.115700099035166231e-04 9.381421114085242152e-05
1.113764823458041119e-04 9.493324614595621824e-05
1.115262107305170503e-04 9.539024904370307922e-05
1.115482767090725220e-04 9.511845564702525735e-05
1.113351037020038293e-04 9.420979040442034602e-05
1.111765829591604442e-04 9.430999489268288016e-05
1.111461192522256169e-04 9.427291661268100142e-05
1.126642371673369753e-04 9.553988638799637556e-05
1.118220409807690858e-04 9.393688378622755408e-05
1.111267253691039541e-04 9.483615576755255461e-05
1.113294779315765481e-04 9.573053102940320969e-05
1.112538922825478976e-04 9.318949014414101839e-05
1.111458906052575858e-04 9.603711077943444252e-05
1.113284479288267903e-04 9.680335642769932747e-05
1.111052453779848320e-04 9.472500823903828859e-05
1.110902586333395393e-04 9.536494326312094927e-05
1.111723335270653533e-04 9.610624692868441343e-05
1.112649224523920566e-04 9.338796371594071388e-05
1.115174608457891790e-04 9.457392297917976975e-05
1.117958254326367751e-04 9.452643280383199453e-05
1.111084521653538050e-04 9.611379937268793583e-05
1.119321131227479836e-04 9.461517765885218978e-05
1.110137351133744178e-04 9.319484524894505739e-05
1.116575156629551175e-04 9.425042662769556046e-05
1.113792975047545069e-04 9.479600703343749046e-05
1.111822937673423412e-04 9.278560901293531060e-05
