3.370040836744010726e-02 1.020053215324878693e-02
7.975436607375740658e-03 5.897469818592071533e-03
4.405737580964341586e-03 3.083764109760522842e-03
3.596536237455438996e-03 2.662888029590249062e-03
2.879091406066436407e-03 2.135881688445806503e-03
2.632336356327868998e-03 1.537524629384279251e-03
2.242863869469147176e-03 1.367473276332020760e-03
2.110491484927479178e-03 1.113903010264039040e-03
2.481734401226276358e-03 2.082094084471464157e-03
1.650804423115914774e-03 1.023972290568053722e-03
1.572925521759316282e-03 9.313065675087273121e-04
1.628260143479565115e-03 8.243656484410166740e-04
1.358406462532002435e-03 7.624898571521043777e-04
1.283164817868964660e-03 8.765397360548377037e-04
1.251907620462588879e-03 9.324640268459916115e-04
9.546010005578864366e-04 6.722080870531499386e-04
1.062209241354139522e-03 6.139193428680300713e-04
1.040701261081267062e-03 1.598303206264972687e-03
1.085403408796992110e-03 4.955035401508212090e-04
9.188078318402403532e-04 4.869076074101030827e-04
8.095684017462190674e-04 9.172849240712821484e-04
7.869146797020220912e-04 7.654234650544822216e-04
9.048996129422448359e-04 5.413254839368164539e-04
1.147040262367227115e-03 5.201607127673923969e-04
1.209123661465127996e-03 6.687183631584048271e-04
8.401104849326656698e-04 5.751400603912770748e-04
7.811827334080589502e-04 1.007930259220302105e-03
7.769179166643880741e-04 7.826715591363608837e-04
8.515981433447449966e-04 4.195763322059065104e-04
7.289354496606392352e-04 5.037242663092911243e-04
8.249986218288541057e-04 5.456485669128596783e-04
7.373552180069964379e-04 5.558103439398109913e-04
7.049745556287235083e-04 5.242017214186489582e-04
7.458649550244444548e-04 4.215769004076719284e-04
5.811995717522222982e-04 4.187346785329282284e-04
1.138241592343547381e-03 5.519671831279993057e-04
7.392706687824101902e-04 4.435623995959758759e-04
6.463278576120500950e-04 5.971665377728641033e-04
7.044641566608334177e-04 5.118794506415724754e-04
7.322899567952845029e-04 7.213251665234565735e-04
6.270920188399031541e-04 3.731311880983412266e-04
5.615336878690869050e-04 4.153369518462568521e-04
6.156103845569305122e-04 8.448610315099358559e-04
5.602370434644399428e-04 3.845961764454841614e-04
6.450563756516203501e-04 1.264046295545995235e-03
6.580167955689830706e-04 4.227152967359870672e-04
6.211300500581273592e-04 4.661878047045320272e-04
6.186638285726076426e-04 3.955085412599146366e-04
6.574112263479037427e-04 4.193841014057397842e-04
9.029644243128132075e-04 8.178433636203408241e-04
5.594450809439877265e-04 3.776057274080812931e-04
7.118705270841019228e-04 4.759599396493285894e-04
5.522993433260126039e-04 5.806511035189032555e-04
6.224461547390091731e-04 4.642452113330364227e-04
5.788894559373147786e-04 5.745788803324103355e-04
5.804730280942749232e-04 3.788352769333869219e-04
4.785971625096863027e-04 4.118895158171653748e-04
5.238996687694452920e-04 5.187454516999423504e-04
4.801251408935058754e-04 3.786924644373357296e-04
4.972113543772138872e-04 4.878285399172455072e-04
5.431762056105071679e-04 4.730999353341758251e-04
5.663991141773294657e-04 3.955079591833055019e-04
4.519064859778154641e-04 4.900510539300739765e-04
6.821883980592247099e-04 4.649121256079524755e-04
5.729424301534891129e-04 4.739520954899489880e-04
5.164267497093533599e-04 3.925397468265146017e-04
4.978490116627654494e-04 3.844180318992584944e-04
5.102131275634746782e-04 5.110948695801198483e-04
5.264275048830313174e-04 4.520831571426242590e-04
8.217181661166250489e-04 5.561893340200185776e-04
5.602111265034182214e-04 4.705838800873607397e-04
5.467099785164464048e-04 7.034995942376554012e-04
4.616083035216433819e-04 3.437705745454877615e-04
4.643597745598526888e-04 3.731608740054070950e-04
5.915397130593191399e-04 4.539153887890279293e-04
4.935266410029725886e-04 3.832327201962471008e-04
4.279991142539074753e-04 2.995134273078292608e-04
5.375074648327427202e-04 4.663312865886837244e-04
5.594926053163363101e-04 4.519058857113122940e-04
5.358166486985283189e-04 3.219825739506632090e-04
4.245739910402335227e-04 3.531298134475946426e-04
4.706491323304362812e-04 5.846893182024359703e-04
5.325725229340605655e-04 3.705415874719619751e-04
7.081577750795986503e-04 4.644676228053867817e-04
4.190093932265881449e-04 3.833253285847604275e-04
5.099790174426743978e-04 3.120837500318884850e-04
4.828085118788294603e-04 3.338545793667435646e-04
4.303023919419501691e-04 3.548929234966635704e-04
4.272711525118211067e-04 3.085873322561383247e-04
4.257626402250025638e-04 3.924926277250051498e-04
4.037449045426910635e-04 3.160288615617901087e-04
4.130779379920568317e-04 3.014382091350853443e-04
8.931231051974464642e-04 5.115101812407374382e-04
4.488701295485952977e-04 4.729277570731937885e-04
4.987629952665883614e-04 4.618109087459743023e-04
4.650544819014612368e-04 4.357066354714334011e-04
4.135366027185227614e-04 3.189617127645760775e-04
4.070299699378665645e-04 3.946358920074999332e-04
4.135942144785076380e-04 3.764817083720117807e-04
4.047771424666280035e-04 6.388157489709556103e-04
4.807177469047019041e-04 3.759463143069297075e-04
3.614879771703272018e-04 3.196257748641073704e-04
4.437567680724896274e-04 3.376149688847362995e-04
5.177468228794168681e-04 2.808159624692052603e-04
6.496939486169139855e-04 4.454500158317387104e-04
5.981887372399797165e-04 3.229447756893932819e-04
4.074319018400274434e-04 2.505733282305300236e-04
4.081833447344252017e-04 3.147993993479758501e-04
3.736214537639170994e-04 2.396423369646072388e-04
3.510666143483831764e-04 2.580514992587268353e-04
3.678262817629729506e-04 4.993483307771384716e-04
4.463396593564539000e-04 2.491534396540373564e-04
4.053036027471534908e-04 2.494393847882747650e-04
3.815934691374422765e-04 3.248826542403548956e-04
3.536279518812079914e-04 2.540973073337227106e-04
3.978573791755479977e-04 5.171088268980383873e-04
5.773630236944882199e-04 7.881034980528056622e-04
4.704664408563985381e-04 2.392214228166267276e-04
3.260897201471379958e-04 2.493905194569379091e-04
4.219867620122386359e-04 7.080630748532712460e-04
4.579503807690344036e-04 2.316874451935291290e-04
3.459572315477999036e-04 3.011367225553840399e-04
3.058933823922416304e-04 2.656510332599282265e-04
3.184812921972479671e-04 2.989978529512882233e-04
4.660606966353952776e-04 4.416737647261470556e-04
3.802252665991545763e-04 2.657507720869034529e-04
3.417309779251809340e-04 2.581465232651680708e-04
3.540694089679163772e-04 2.765000681392848492e-04
4.140446457313373468e-04 2.876101643778383732e-04
3.222369065042585351e-04 2.586774644441902637e-04
3.176697195158339820e-04 2.159354771720245481e-04
3.548971235431963578e-04 2.135865215677767992e-04
3.241642132707056698e-04 2.679122262634336948e-04
3.077828583627706610e-04 3.909449442289769650e-04
3.316984861157834313e-04 2.937813696917146444e-04
3.173471855916432322e-04 3.629859129432588816e-04
3.995082026449381265e-04 3.300167445559054613e-04
4.365431586847989820e-04 2.316356403753161430e-04
3.096471909884712659e-04 1.919661008287221193e-04
2.922277424659114439e-04 2.001705870497971773e-04
2.813106622852501351e-04 1.835797738749533892e-04
2.911489760663244159e-04 2.003607078222557902e-04
3.020917996764182828e-04 2.155032707378268242e-04
2.753489678070764166e-04 3.656763583421707153e-04
3.727832632648642392e-04 2.041274419752880931e-04
2.877536366213462099e-04 4.041561332996934652e-04
2.706427694647572935e-04 2.224413183284923434e-04
3.044030057935742445e-04 1.902466174215078354e-04
2.829441795256570696e-04 3.100550384260714054e-04
3.480897245026426607e-04 2.357381890760734677e-04
3.000753244123188562e-04 2.362324157729744911e-04
3.382577766387840018e-04 1.872311113402247429e-04
2.956340525997802398e-04 2.226762881036847830e-04
2.618287182485801059e-04 3.832481452263891697e-04
2.567495012044673786e-04 2.561721776146441698e-04
2.771081903119920536e-04 2.204041666118428111e-04
2.549923576225410107e-04 1.639610709389671683e-04
2.870694130251649984e-04 2.348258567508310080e-04
2.589468094811309129e-04 1.853568974183872342e-04
2.531884656491456553e-04 1.699301355984061956e-04
2.551322706494829509e-04 2.098575641866773367e-04
2.601940799650037444e-04 2.149684296455234289e-04
3.323954329971457117e-04 7.670359918847680092e-04
4.287092524464242160e-04 3.627214464358985424e-04
2.421204597339965512e-04 1.592988701304420829e-04
2.634007745655253313e-04 1.844275102484971285e-04
2.539808470828575299e-04 1.997504441533237696e-04
2.395815832642256228e-04 1.591752079548314214e-04
2.265685861857491545e-04 1.590254687471315265e-04
2.826061268933699683e-04 1.895737805170938373e-04
2.624376886160462055e-04 2.099827834172174335e-04
2.740458472544560426e-04 1.790586684364825487e-04
2.291526543558575213e-04 1.678569387877359986e-04
2.621967247250722938e-04 2.614619734231382608e-04
2.829146214935462922e-04 1.590157335158437490e-04
2.597740023702499348e-04 2.376377524342387915e-04
2.850139153451891616e-04 1.720469736028462648e-04
2.224899464636109661e-04 1.503059174865484238e-04
2.160313812055392137e-04 1.964157854672521353e-04
2.502718632968026322e-04 2.106355968862771988e-04
2.920475859355065257e-04 1.884118246380239725e-04
2.648500389113905623e-04 1.494619064033031464e-04
2.062601228317362311e-04 1.636028609937056899e-04
3.931397372070932544e-04 4.431678971741348505e-04
2.970478122733766430e-04 2.508377947378903627e-04
2.227236289400025379e-04 1.691413344815373421e-04
2.090849035994324259e-04 1.519836077932268381e-04
1.976133148673397955e-04 1.757241843733936548e-04
2.184547010983806103e-04 1.375033461954444647e-04
2.092384174829930998e-04 1.337557623628526926e-04
2.193657564930617809e-04 1.464832312194630504e-04
2.221463355454034172e-04 1.407086529070511460e-04
2.053835120022995343e-04 1.812694390537217259e-04
2.177907537770806703e-04 1.521847734693437815e-04
2.856079090634011663e-04 1.740765146678313613e-04
2.213440777268260609e-04 1.600309478817507625e-04
2.035209819950978163e-04 1.466636167606338859e-04
2.086927695927443091e-04 1.602750126039609313e-04
2.252040336315985715e-04 1.457199978176504374e-04
1.994832224227138741e-04 1.502927043475210667e-04
2.151796581529197175e-04 1.660889247432351112e-04
2.145096341337193735e-04 1.498816418461501598e-04
2.198430702264886349e-04 2.266864466946572065e-04
2.211612234532367546e-04 1.510850124759599566e-04
1.979412637410859989e-04 1.645672309678047895e-04
2.369022451603086557e-04 1.652566716074943542e-04
2.304297036971547587e-04 1.304607867496088147e-04
2.122237490766565424e-04 1.631142658879980445e-04
2.123914766343659613e-04 1.433239958714693785e-04
2.156962482331437059e-04 1.523397950222715735e-04
2.292203780598356389e-04 2.059637336060404778e-04
2.036091328591282891e-04 1.483455707784742117e-04
2.094119457979104536e-04 1.546139537822455168e-04
2.346490730815276146e-04 1.446280366508290172e-04
2.418210105133766828e-04 2.094286901410669088e-04
2.107620910464902517e-04 1.623699790798127651e-04
2.038614667981164421e-04 1.785714703146368265e-04
2.248741991024871714e-04 1.382908812956884503e-04
2.186986039305338636e-04 1.381442998535931110e-04
1.981845804039039595e-04 1.883895165519788861e-04
2.192416045545542147e-04 2.595830592326819897e-04
2.169937463804672115e-04 1.769588270690292120e-04
1.902343774418113753e-04 1.305579353356733918e-04
1.945752834217273576e-04 1.383911003358662128e-04
1.953499845512851607e-04 2.744426892604678869e-04
2.030399840805330368e-04 1.329714723397046328e-04
2.806663141200260508e-04 2.183947217417880893e-04
2.244369408799684498e-04 1.288710191147401929e-04
1.961915560968918617e-04 1.366911164950579405e-04
1.938143539518932920e-04 1.344781776424497366e-04
1.896462481454364024e-04 1.286093465751037002e-04
1.905651646666228825e-04 1.259284617844969034e-04
1.911303580527601244e-04 1.196167795569635928e-04
2.067151832306990346e-04 2.279451873619109392e-04
2.058073911030078253e-04 1.569885498611256480e-04
1.858884932516957742e-04 1.645020674914121628e-04
1.903395844237820819e-04 2.067945024464279413e-04
2.124752213603642303e-04 1.817705633584409952e-04
1.995576034460100400e-04 1.182918931590393186e-04
1.895831207548326239e-04 1.596928341314196587e-04
1.974718948986264823e-04 1.483492524130269885e-04
2.226563676231307800e-04 1.368983503198251128e-04
1.976819655283179491e-04 1.789962552720680833e-04
1.856590297393267974e-04 1.498619676567614079e-04
2.452913787237776195e-04 1.847141393227502704e-04
1.807969911169493571e-04 1.315951085416600108e-04
1.833702513067692053e-04 1.378539309371262789e-04
1.753933837790100424e-04 1.197980018332600594e-04
1.888441962364595329e-04 2.330263669136911631e-04
1.948303294739161975e-04 1.565403799759224057e-04
1.818480905967589879e-04 1.501563237980008125e-04
2.010864990552363506e-04 2.353453310206532478e-04
2.311980726517503973e-04 1.290447835344821215e-04
1.865098538473830558e-04 1.281879085581749678e-04
1.703615036603878144e-04 1.254642847925424576e-04
1.786371555681398496e-04 1.163373017334379256e-04
2.104692356624582371e-04 1.460839412175118923e-04
2.031044155046402011e-04 1.537290227133780718e-04
1.844825216721801445e-04 1.406441733706742525e-04
1.737037757266079899e-04 1.273205416509881616e-04
1.817324427975108847e-04 1.392607809975743294e-04
1.919366652145981680e-04 1.421611959813162684e-04
1.716254838356689961e-04 1.284265017602592707e-04
1.860953964751388520e-04 1.249035849468782544e-04
1.737019498250447159e-04 1.243057631654664874e-04
1.937461721354338752e-04 1.868907274911180139e-04
1.758266494107374456e-04 1.297147973673418164e-04
1.808591203371179399e-04 1.235687086591497064e-04
1.919257674671825953e-04 1.944260147865861654e-04
2.004468727136554771e-04 1.327691279584541917e-04
1.739408165121858582e-04 1.180790859507396817e-04
1.749643323819327688e-04 1.085142139345407486e-04
2.018662911723367924e-04 1.218897159560583532e-04
1.985070784940035082e-04 1.331532839685678482e-04
1.811022897527436780e-04 1.687886251602321863e-04
1.899494246572430657e-04 1.224664592882618308e-04
1.715269106171035565e-04 1.288372004637494683e-04
1.836320091570087351e-04 1.258355914615094662e-04
1.645357706365757622e-04 1.184587235911749303e-04
1.891834544949233532e-04 1.248994958586990833e-04
1.776657884875021518e-04 1.431156706530600786e-04
1.984839240321889574e-04 1.219584592035971582e-04
1.695984237812808715e-04 1.443559740437194705e-04
1.846932724220096079e-04 1.477997575420886278e-04
1.796235945221269612e-04 1.599053211975842714e-04
1.900549405945639537e-04 1.768839865690097213e-04
1.875427532468165791e-04 1.236989919561892748e-04
1.655735891290532891e-04 1.268778723897412419e-04
1.764524426107527742e-04 1.164865534519776702e-04
1.707473106762336101e-04 1.363429910270497203e-04
1.728928918055316953e-04 1.316870766459032893e-04
1.775781995092984181e-04 1.635494700167328119e-04
1.873049554887984414e-04 1.427597890142351389e-04
1.730556595248344874e-04 1.260544813703745604e-04
1.839059157646261264e-04 1.455822057323530316e-04
1.812628444895381000e-04 1.607658196007832885e-04
1.882399871647066794e-04 3.656429180409759283e-04
2.043919088464463184e-04 1.640033879084512591e-04
1.694493834293098243e-04 1.475202006986364722e-04
1.736616575726657283e-04 1.584239798830822110e-04
1.688825274868577145e-04 1.126813804148696363e-04
1.625920231163036078e-04 1.162059270427562296e-04
1.586286510246282086e-04 1.290988584514707327e-04
1.626133864192524816e-04 1.375479769194498658e-04
1.699081512015254757e-04 1.112443060264922678e-04
1.716766902973176803e-04 1.360158494208008051e-04
1.728946204821113443e-04 1.198465324705466628e-04
1.877629482805787174e-04 1.437444007024168968e-04
1.684467256382049527e-04 1.100903973565436900e-04
1.742615520015533439e-04 1.331458042841404676e-04
1.830586037613102289e-04 1.756158890202641487e-04
1.618738157958432458e-04 1.200229380629025400e-04
1.600731224243645610e-04 1.114344704546965659e-04
1.748347982356790399e-04 1.279415009776130319e-04
1.825536428441409953e-04 1.307638449361547828e-04
1.767248296346224325e-04 1.460604689782485366e-04
1.667309184085752349e-04 1.205639709951356053e-04
1.634455366001930088e-04 1.398359308950603008e-04
1.654354945458180791e-04 1.267999177798628807e-04
1.579065045916650033e-04 1.235662202816456556e-04
1.703891969555115901e-04 1.159111270681023598e-04
1.674303102845442481e-04 1.307233760599046946e-04
1.626820957426389268e-04 1.009201514534652233e-04
1.580380986524687560e-04 1.249890337930992246e-04
1.543450491226394552e-04 1.099631772376596928e-04
1.602737881512439236e-04 1.197761375806294382e-04
1.854708650171232767e-04 1.142894761869683862e-04
1.608587852388154824e-04 1.192026393255218863e-04
1.595701750375155879e-04 1.311203377554193139e-04
1.641480602302181123e-04 1.153939156210981309e-04
1.502819748566253219e-04 1.057029003277420998e-04
1.589702657838642954e-04 1.337538124062120914e-04
1.691268120339373181e-04 1.584673009347170591e-04
1.659221977206470802e-04 1.072349696187302470e-04
1.610515509128163157e-04 1.173785567516461015e-04
1.657971348322462236e-04 1.253708469448611140e-04
1.528605367639101988e-04 1.173790806205943227e-04
1.618585378309944699e-04 1.284587197005748749e-04
1.670352977271249929e-04 1.374302082695066929e-04
1.628052825253689553e-04 1.067755511030554771e-04
1.573590470798080787e-04 1.325820630881935358e-04
1.653356189308397006e-04 1.061759321601130068e-04
1.593077000507037101e-04 1.342509349342435598e-04
1.580462748279387651e-04 1.110161174437962472e-04
1.556429840093187414e-04 1.118703949032351375e-04
1.603396773134591004e-04 1.130440941778942943e-04
1.663396736148570307e-04 1.156036378233693540e-04
1.517629766567551997e-04 1.420755870640277863e-04
1.697768242593156228e-04 1.409026153851300478e-04
1.597926536305749215e-04 1.277622213819995522e-04
1.521160785159736352e-04 1.138375009759329259e-04
1.666665895754704143e-04 1.248325861524790525e-04
1.622846401915012447e-04 1.061932271113619208e-04
1.536237671643903122e-04 1.162138796644285321e-04
1.619291800125211120e-04 1.167502123280428350e-04
1.569932708662236218e-04 1.430338888894766569e-04
1.639600607632019200e-04 1.049927450367249548e-04
1.519206358352675980e-04 1.081795198842883110e-04
1.535342747047252596e-04 1.179259998025372624e-04
1.633152062822773695e-04 1.499963836977258325e-04
1.595869716766173951e-04 1.149846793850883842e-04
1.511722090071998482e-04 1.127676077885553241e-04
1.503974042861955349e-04 1.075896434485912323e-04
1.543392816529376541e-04 1.024140074150636792e-04
1.585540287123876515e-04 1.226528256665915251e-04
1.637913850572658757e-04 1.439850602764636278e-04
1.568900849633791841e-04 1.219383921124972403e-04
1.640367865547886941e-04 1.263706362806260586e-04
1.522138638392789181e-04 1.080699512385763228e-04
1.513315925876668080e-04 1.038269256241619587e-04
1.540832292448612753e-04 1.134085614467039704e-04
1.501292706961976473e-04 1.158304512500762939e-04
1.518238657808979150e-04 1.013041037367656827e-04
1.506726129264279789e-04 1.209884794661775231e-04
1.602240380634611992e-04 1.104787224903702736e-04
1.569717727761599289e-04 1.072104787454009056e-04
1.491625523158290781e-04 1.304786128457635641e-04
1.467594373025349450e-04 1.259204291272908449e-04
1.490634709625737687e-04 1.062648952938616276e-04
1.581163000992091838e-04 1.091337981051765382e-04
1.499021945164713597e-04 1.186449881060980260e-04
1.497668862612044959e-04 1.069386853487230837e-04
1.454653875953226762e-04 1.007351675070822239e-04
1.600963030796265338e-04 1.022112555801868439e-04
1.457411501178284999e-04 1.140773965744301677e-04
1.470411370064539423e-04 1.018989860313013196e-04
1.529971076706715448e-04 1.404744980391114950e-04
1.604356202733470127e-04 1.133779078372754157e-04
1.442455031792633235e-04 1.114285769290290773e-04
1.435412715181882905e-04 1.046222314471378922e-04
1.471136588406807277e-04 1.099385335692204535e-04
1.511783720161474830e-04 1.207449968205764890e-04
1.484622910538746618e-04 1.023272197926416993e-04
1.516755574812123032e-04 1.318738359259441495e-04
1.557745673380850294e-04 1.266388862859457731e-04
1.449439693715248614e-04 1.015712186926975846e-04
1.533556011963810198e-04 1.206007436849176884e-04
1.582898552442202399e-04 1.160885294666513801e-04
1.546059416796197129e-04 1.055540196830406785e-04
1.492275022428657448e-04 1.094059407478198409e-04
1.464923637286119737e-04 9.863049490377306938e-05
1.483106575506099034e-04 9.693513857200741768e-05
1.439703194591857136e-04 1.015262096188962460e-04
1.456756490370025858e-04 1.426840317435562611e-04
1.532868653157493208e-04 1.130279270000755787e-04
1.518351864433498122e-04 1.058927155099809170e-04
1.460926664549333509e-04 1.017841277644038200e-04
1.427716873877216185e-04 1.012132051982916892e-04
1.443514778657117913e-04 9.856362885329872370e-05
1.460100171243539026e-04 1.910161663545295596e-04
1.524751982287853079e-04 1.044451855705119669e-04
1.514979440798924716e-04 1.025891033350490034e-04
1.486479262894135954e-04 1.120048473239876330e-04
1.491481741140887498e-04 1.034719389281235635e-04
1.367888605273037575e-04 9.989854879677295685e-05
1.396970684254483731e-04 1.062912997440434992e-04
1.514629604571382407e-04 1.298944989684969187e-04
1.489405424763390437e-04 1.057951158145442605e-04
1.421208101419324629e-04 9.922856406774371862e-05
1.440682146494509544e-04 1.004215228022076190e-04
1.403090063831768930e-04 1.129514057538472116e-04
1.400541874318150749e-04 9.816919919103384018e-05
1.458328695662203353e-04 9.926599159371107817e-05
1.439785848560859341e-04 1.014305307762697339e-04
1.410107532137772177e-04 1.088401913875713944e-04
1.394703179357748121e-04 9.394837979925796390e-05
1.518073426268529201e-04 1.130754608311690390e-04
1.453362532629398683e-04 9.829756891122087836e-05
1.396951039168925436e-04 9.569560643285512924e-05
1.379305176669731736e-04 1.077586348401382565e-04
1.478552881962968914e-04 9.927969949785619974e-05
1.405688528393511552e-04 9.774771751835942268e-05
1.413965863321209435e-04 9.971971303457394242e-05
1.442202184080087991e-04 1.150094467448070645e-04
1.389242336699680999e-04 1.084859977709129453e-04
1.414247721186257022e-04 1.406428782502189279e-04
1.489562406277400387e-04 1.490897993789985776e-04
1.498721859206852915e-04 9.518700971966609359e-05
1.400848463163129108e-04 1.123863039538264275e-04
1.384451556987187359e-04 9.882098675007000566e-05
1.427553676876413993e-04 1.144138950621709228e-04
1.415110991729306988e-04 1.343999610980972648e-04
1.420449812940205393e-04 1.023571021505631506e-04
1.398289033204491662e-04 1.228599139722064137e-04
1.444680900931416599e-04 9.824484732234850526e-05
1.422171390004223213e-04 1.149723102571442723e-04
1.376386205265589416e-04 1.029041231959126890e-04
1.401676472596591339e-04 9.936180140357464552e-05
1.364321117762301691e-04 1.062739975168369710e-04
1.385749652399681454e-04 1.041806317516602576e-04
1.415686011569050552e-04 1.036169342114590108e-04
1.418680600181687569e-04 1.080058500519953668e-04
1.469185955102147946e-04 9.736664651427417994e-05
1.341619938102667112e-04 1.097179629141464829e-04
1.429780625585408524e-04 1.038550835801288486e-04
1.371116650261683390e-04 1.004584846668876708e-04
1.416367930687556563e-04 1.006112797767855227e-04
1.389609690704674103e-04 1.007179962471127510e-04
1.400090573952184005e-04 1.175527722807601094e-04
1.393892971464083530e-04 1.026200116029940546e-04
1.386659029776637800e-04 1.009425614029169083e-04
1.419839334630523917e-04 9.416253305971622467e-05
1.394737591908778995e-04 9.630263957660645247e-05
1.413011363183613921e-04 1.060342619894072413e-04
1.352875931843300458e-04 1.176456717075780034e-04
1.338521485195087626e-04 9.631676221033558249e-05
1.335022941930219639e-04 9.377047535963356495e-05
1.466572909521346338e-04 9.799166582524776459e-05
1.365509118841146173e-04 9.600781777407974005e-05
1.388381048855080627e-04 1.068130150088109076e-04
1.386824314067780560e-04 9.710486483527347445e-05
1.339557778010203146e-04 1.057216068147681653e-04
1.372082012494502015e-04 9.991496335715055466e-05
1.368897674183244817e-04 1.315984409302473068e-04
1.378120191475318279e-04 1.023030054057016969e-04
1.422377004018926527e-04 1.361406903015449643e-04
1.387200392855447609e-04 9.347470768261700869e-05
1.357014077257190257e-04 1.113818507292307913e-04
1.417389417838421596e-04 1.107268617488443851e-04
1.470641213018097969e-04 9.572600538376718760e-05
1.358059765152575091e-04 9.470153599977493286e-05
1.316555166340549531e-04 9.391744970344007015e-05
1.338220728939631845e-04 9.508738003205507994e-05
1.349637857856578302e-04 9.358361421618610620e-05
1.324280506196373608e-04 9.735503408592194319e-05
1.348570950540306458e-04 9.282508108299225569e-05
1.375231912788876852e-04 9.764979040483012795e-05
1.350539883787860108e-04 1.103092945413663983e-04
1.367869905152474476e-04 9.983617201214656234e-05
1.356307446258142699e-04 1.204591389978304505e-04
1.347257750239805210e-04 9.687103010946884751e-05
1.355281499854754765e-04 1.025021629175171256e-04
1.391345092997653518e-04 1.069825375452637672e-04
1.327234628661244534e-04 9.967468213289976120e-05
1.367191925965016708e-04 9.448932541999965906e-05
1.311594199250976198e-04 9.431461512576788664e-05
1.315677800448611379e-04 8.983320731204003096e-05
1.319948084528732471e-04 1.018857728922739625e-04
1.329215080659196138e-04 9.401474380865693092e-05
1.410905158991227035e-04 9.921761375153437257e-05
1.328921966887719464e-04 9.388373291585594416e-05
1.300718347920337800e-04 9.183234215015545487e-05
1.298612921345920659e-04 9.761181718204170465e-05
1.328529844613512870e-04 9.294800838688388467e-05
1.312391344981733764e-04 1.010854612104594707e-04
1.372413275021244826e-04 9.537907317280769348e-05
1.309187151491641944e-04 9.717431385070085526e-05
1.311675428041780833e-04 9.659346687840297818e-05
1.324341518738947397e-04 9.832150681177154183e-05
1.329563355284335612e-04 9.567210508976131678e-05
1.298633999795129165e-04 9.483287431066855788e-05
1.333549588707683196e-04 8.947460446506738663e-05
1.307940248807426434e-04 9.812237840378656983e-05
1.347603030808386284e-04 1.203472929773852229e-04
1.320425085395982023e-04 8.973064541351050138e-05
1.331607983047433609e-04 9.623257210478186607e-05
1.352001680061221231e-04 9.349382162326946855e-05
1.288460867726826055e-04 9.260087972506880760e-05
1.355627714474394452e-04 9.768705058377236128e-05
1.272173303732415661e-04 9.945620695361867547e-05
1.279116803743818363e-04 1.003967336146160960e-04
1.287929847421764970e-04 1.076089101843535900e-04
1.318415696005104218e-04 9.447477350477129221e-05
1.305175070228869973e-04 9.477102867094799876e-05
1.299249101975874510e-04 9.693780157249420881e-05
1.269415877686697167e-04 9.340342512587085366e-05
1.293378548325563424e-04 1.007197424769401550e-04
1.297432256251340624e-04 1.010442065307870507e-04
1.279852543120796435e-04 9.452136873733252287e-05
1.280224659240047967e-04 1.040663919411599636e-04
1.299022112107195317e-04 9.768918243935331702e-05
1.290006823182920817e-04 1.228012843057513237e-04
1.326921506006328855e-04 9.419595880899578333e-05
1.271174704015720744e-04 9.616274473955854774e-05
1.269247879463364262e-04 1.007041282719001174e-04
1.290147569307009744e-04 9.527928341412916780e-05
1.261546288333193042e-04 9.269931615563109517e-05
1.256016720617481096e-04 9.281565144192427397e-05
1.337738807251298513e-04 1.063073141267523170e-04
1.258123475054162554e-04 9.258772479370236397e-05
1.281455066418857259e-04 1.154956189566291869e-04
1.274942204872786587e-04 1.003054421744309366e-04
1.271057846679468531e-04 9.314318594988435507e-05
1.254167501429037602e-04 1.002672725007869303e-04
1.255467313967528753e-04 9.548252273816615343e-05
1.266338020286639329e-04 9.167341340798884630e-05
1.283492967559140998e-04 9.757927182363346219e-05
1.262142017367295975e-04 9.069640509551391006e-05
1.239919286490476333e-04 9.882565063890069723e-05
1.288926649976929238e-04 9.492976096225902438e-05
1.244119642251462318e-04 1.006986713036894798e-04
1.242824285327515208e-04 9.871188376564532518e-05
1.236383673131058458e-04 1.035619279718957841e-04
1.284106212551705431e-04 9.510924428468570113e-05
1.306935991124191841e-04 9.015687101054936647e-05
1.268332070139877087e-04 1.047895857482217252e-04
1.267112714231188983e-04 8.885821443982422352e-05
1.237325748661533107e-04 9.947472426574677229e-05
1.247396942744671941e-04 9.917376155499368906e-05
1.244382308868807849e-04 9.160866466118022799e-05
1.269337990379426628e-04 1.021453499561175704e-04
1.240985219737922361e-04 9.449441859032958746e-05
1.245186927917529775e-04 9.315142233390361071e-05
1.321083806942624397e-04 9.695658809505403042e-05
1.262928429241583325e-04 9.202799992635846138e-05
1.253429672033235019e-04 1.203269566758535802e-04
1.225152975166565630e-04 9.579474863130599260e-05
1.266991275770124048e-04 1.030534185701981187e-04
1.225273312229546773e-04 9.614919690648093820e-05
1.265063954633660723e-04 1.003131037577986717e-04
1.257371513929683715e-04 9.445012983633205295e-05
1.228933652782870868e-04 9.673430758994072676e-05
1.238100605405634161e-04 9.308396693086251616e-05
1.256686810847895631e-04 8.903183334041386843e-05
1.240765678630850689e-04 9.780614345800131559e-05
1.226675187353975962e-04 9.402963041793555021e-05
1.216306313835957553e-04 9.060397132998332381e-05
1.211416338264825754e-04 1.086271804524585605e-04
1.225866717504686676e-04 9.431474609300494194e-05
1.227311410730180688e-04 9.720218076836317778e-05
1.220575049046601689e-04 9.416842658538371325e-05
1.214068043736915516e-04 9.205792594002559781e-05
1.200248251734592540e-04 8.906055882107466459e-05
1.227495652528887257e-04 9.308396693086251616e-05
1.214890700794057948e-04 9.918686555465683341e-05
1.218964313920878367e-04 1.016712412820197642e-04
1.254866099770879481e-04 9.176503954222425818e-05
1.251150376447185300e-04 1.251845969818532467e-04
1.260592445760266747e-04 8.729442197363823652e-05
1.227058271979331147e-04 9.336695075035095215e-05
1.269141318516631037e-04 9.470415534451603889e-05
1.203334349156648440e-04 9.270365990232676268e-05
1.224589559569722041e-04 9.404119919054210186e-05
1.229784963470592521e-04 9.472954843658953905e-05
1.206991485560138217e-04 9.737345681060105562e-05
1.193319461890496368e-04 9.819726983550935984e-05
1.222498123752302382e-04 9.378173854202032089e-05
1.226277745445258915e-04 9.090335515793412924e-05
1.232786354194104152e-04 1.143207191489636898e-04
1.245674557139864191e-04 9.423996380064636469e-05
1.194002546981209943e-04 9.065996709978207946e-05
1.218813398736529106e-04 9.165611118078231812e-05
1.199726761115016470e-04 9.118721209233626723e-05
1.186560907626699191e-04 9.644120291341096163e-05
1.248143171324045397e-04 1.017930189846083522e-04
1.231962641213613151e-04 8.830951992422342300e-05
1.208116558700567166e-04 9.747158765094354749e-05
1.198067800942226286e-04 9.055125701706856489e-05
1.205186328661511679e-04 9.408706682734191418e-05
1.213464248394302504e-04 8.867656288202852011e-05
1.208447373755916542e-04 1.004704972729086876e-04
1.186001046335149968e-04 9.358801617054268718e-05
1.190328923257766319e-04 8.706424705451354384e-05
1.201000591208867263e-04 1.009072293527424335e-04
1.206336791256035267e-04 9.614963346393778920e-05
1.183720909466501380e-04 9.283079998567700386e-05
1.187781435874057934e-04 9.770799806574359536e-05
1.208816528560419155e-04 1.345309719908982515e-04
1.201348070026142550e-04 9.594636503607034683e-05
1.184638558697770350e-04 9.133134881267324090e-05
1.175107849121559465e-04 9.580342884873971343e-05
1.185419057037506745e-04 1.019431656459346414e-04
1.176233796286396628e-04 9.136894368566572666e-05
1.168915972812101299e-04 9.391705680172890425e-05
1.196635173982940587e-04 8.750017877900972962e-05
1.199680081299447974e-04 9.535173012409359217e-05
1.184760893920611179e-04 1.122677713283337653e-04
1.193871070427121649e-04 8.957441605161875486e-05
1.203937687023426352e-04 9.217530168825760484e-05
1.199745530357176849e-04 9.521281026536598802e-05
1.169792262771807145e-04 9.252292511519044638e-05
1.188814245324465392e-04 9.688117279438301921e-05
1.170479375105060144e-04 9.493918332736939192e-05
1.175422763481037637e-04 9.255041368305683136e-05
1.174523718873388080e-04 9.959648741642013192e-05
1.165829989076883121e-04 9.333450725534930825e-05
1.174653035377559664e-04 8.969497139332816005e-05
1.180897880658449085e-04 9.398381371283903718e-05
1.172966770354832961e-04 9.272676834370940924e-05
1.176072525595373036e-04 9.174712613457813859e-05
1.172491313809587127e-04 9.181292261928319931e-05
1.180740034214977668e-04 9.949637023964896798e-05
1.171007061202544719e-04 1.031009378493763506e-04
1.174948852167290170e-04 9.317255899077281356e-05
1.169358101833495311e-04 9.370736370328813791e-05
1.185621312288276440e-04 9.326467989012598991e-05
1.158972279881709228e-04 9.058052819455042481e-05
1.167515012639341903e-04 9.195409074891358614e-05
1.165524577118048910e-04 8.811301086097955704e-05
1.162652349194104345e-04 9.251351002603769302e-05
1.158600047347135896e-04 9.003625018522143364e-05
1.144772379120695432e-04 9.274740295950323343e-05
1.148906143498607034e-04 8.868142322171479464e-05
1.175838653580285636e-04 9.329954627901315689e-05
1.158394345111446482e-04 1.001867931336164474e-04
1.168747326119046193e-04 9.503688488621264696e-05
1.160219802841311375e-04 8.823208190733566880e-05
1.165013537502090858e-04 1.000162010313943028e-04
1.163195924164028892e-04 1.063804957084357738e-04
1.146878957115404828e-04 9.195636812364682555e-05
1.156234711743309163e-04 9.359468822367489338e-05
1.169242718788154889e-04 9.063259494723752141e-05
1.146152580076886861e-04 9.203368244925513864e-05
1.143545617196650683e-04 9.218275954481214285e-05
1.164164677902590483e-04 9.037197742145508528e-05
1.139674209753138685e-04 9.149340621661394835e-05
1.165223633506684618e-04 9.511718235444277525e-05
1.141501456004334668e-04 8.940789848566055298e-05
1.141910702244786080e-04 9.762916306499391794e-05
1.157570739451330128e-04 8.796477777650579810e-05
1.157202072135987746e-04 9.597684402251616120e-05
1.137472122536564711e-04 9.348689491162076592e-05
1.129384108025988152e-04 8.889399759937077761e-05
1.139277019319706596e-04 9.315334318671375513e-05
1.177567726699635359e-04 1.016135429381392896e-04
1.148249180005223025e-04 8.998522389447316527e-05
1.128173348661221098e-04 8.773220179136842489e-05
1.138724106567678919e-04 9.184294322039932013e-05
1.136037461037631120e-04 8.786622493062168360e-05
1.173833368738996769e-04 9.142709313891828060e-05
1.144442178883764400e-04 9.544839122099801898e-05
1.136147984652779996e-04 9.206998220179229975e-05
1.127909034039475928e-04 9.983946802094578743e-05
1.142899048318213290e-04 1.063812524080276489e-04
1.131609283220313955e-04 9.022229642141610384e-05
1.135559343310887952e-04 9.004055755212903023e-05
1.135844344389624948e-04 9.056899580173194408e-05
1.132126942138711483e-04 9.172096906695514917e-05
1.123384694892592988e-04 9.106301149586215615e-05
1.121991841500857791e-04 9.142974886344745755e-05
1.129029463299957543e-04 9.046970808412879705e-05
1.133883501097443568e-04 9.305177809437736869e-05
1.129179369854682618e-04 9.036398114403709769e-05
1.121671622058784069e-04 8.886003342922776937e-05
1.121097072427801349e-04 9.834287629928439856e-05
1.137626216404896668e-04 8.985642489278689027e-05
1.138469302532030215e-04 9.284523548558354378e-05
1.127788334997603643e-04 9.705732372822239995e-05
1.116720934987824849e-04 9.678833885118365288e-05
1.112439748794713577e-04 9.027580381371080875e-05
1.127569877098721864e-04 9.260207298211753368e-05
1.124706216614867999e-04 8.926836744649335742e-05
1.120065458962926587e-04 9.510024392511695623e-05
1.126865807236754308e-04 9.159072942566126585e-05
1.114179292926564786e-04 8.993343362817540765e-05
1.118563844102027333e-04 8.856841304805129766e-05
1.121796568440913634e-04 9.207289258483797312e-05
1.122565270634368035e-04 9.135196160059422255e-05
1.101444457162870067e-04 8.937971870182082057e-05
1.107187448269542020e-04 9.076260175788775086e-05
1.118470208893995732e-04 8.846877608448266983e-05
1.115210480293171686e-04 9.294358460465446115e-05
1.118800341828318778e-04 8.898583473637700081e-05
1.111548868721001727e-04 8.854853513184934855e-05
1.106746152800042236e-04 8.508042810717597604e-05
1.116975784498208641e-04 8.885023271432146430e-05
1.107181225052045138e-04 8.914723002817481756e-05
1.119789615586341797e-04 9.341010445496067405e-05
1.097873471735510948e-04 8.979831909528002143e-05
1.133504380959493601e-04 9.293580660596489906e-05
1.101226303035218734e-04 9.359108662465587258e-05
1.106073319533606937e-04 9.344377031084150076e-05
1.098262761843216167e-04 8.849520963849499822e-05
1.106519718632625909e-04 9.824630251387134194e-05
1.103882038478332133e-04 9.110801329370588064e-05
1.104709573155560011e-04 9.025270264828577638e-05
1.110954425712407155e-04 8.910364704206585884e-05
1.118358027270005550e-04 8.710758993402123451e-05
1.100349427360924892e-04 9.131983824772760272e-05
1.109549872126080973e-04 9.090641106013208628e-05
1.104473388295446030e-04 8.982218423625454307e-05
1.097863255381525960e-04 9.140143811237066984e-05
1.106248091673478484e-04 9.711600432638078928e-05
1.111073850552202175e-04 8.806974074104800820e-05
1.097758464311482331e-04 8.888657612260431051e-05
1.088426146452548037e-04 8.680947939865291119e-05
1.101920575820258764e-04 1.063830932253040373e-04
1.111814152864099069e-04 9.124261850956827402e-05
1.096276053885958336e-04 9.382141433889046311e-05
1.121789124226779623e-04 9.613345901016145945e-05
1.133636998019937837e-04 9.573148417985066772e-05
1.096742117624671610e-04 8.952028292696923018e-05
1.087469773665361518e-04 9.331702312920242548e-05
1.094868643122026751e-04 8.848740253597497940e-05
1.102955362512147931e-04 8.702335617272183299e-05
1.081360209354898015e-04 8.548266487196087837e-05
1.094870654014812317e-04 8.813966269372031093e-05
1.081582891856669394e-04 8.774227899266406894e-05
1.087358544282324119e-04 8.719429024495184422e-05
1.091598356651957093e-04 9.047320781974121928e-05
1.107580486859660650e-04 9.176134335575625300e-05
1.096091314593650141e-04 8.932404307415708899e-05
1.095842832000926083e-04 8.787858678260818124e-05
1.085559269995428622e-04 8.875910134520381689e-05
1.084546884158044122e-04 8.702448394615203142e-05
1.092719852294976536e-04 8.555292879464104772e-05
1.092162142867891789e-04 8.936216909205541015e-05
1.091040478968352518e-04 8.537523535778746009e-05
1.074749104191141696e-04 9.070892701856791973e-05
1.087074710085289607e-04 9.290146408602595329e-05
1.089653049348271425e-04 8.643136243335902691e-05
1.077515009455964928e-04 8.963720756582915783e-05
1.078412118658889139e-04 9.498307190369814634e-05
1.079699071851791868e-04 8.959330443758517504e-05
1.081534682271012625e-04 8.939667895901948214e-05
1.081866612366866320e-04 8.687582158017903566e-05
1.072906994522781988e-04 8.959436672739684582e-05
1.067813386725902092e-04 8.482972043566405773e-05
1.071193394636793501e-04 9.261975355911999941e-05
1.077812729818106218e-04 8.604264439782127738e-05
1.084481165889883441e-04 9.272249735658988357e-05
1.070510112185729613e-04 8.837242785375565290e-05
1.084428269678028328e-04 8.526870806235820055e-05
1.076100737464002978e-04 9.431368380319327116e-05
1.079364415090822149e-04 8.768941188463941216e-05
1.072957984433742240e-04 8.788790728431195021e-05
1.088566377802635543e-04 8.916835213312879205e-05
1.070226514912064886e-04 9.272659372072666883e-05
1.064570481503324090e-04 9.209953714162111282e-05
1.072794084393535741e-04 9.121270704781636596e-05
1.076636892321403165e-04 8.917263767216354609e-05
1.070845900358108392e-04 8.639496809337288141e-05
1.070182288913201746e-04 9.130737453233450651e-05
1.077266852917091401e-04 8.900997636374086142e-05
1.059467096638400135e-04 8.808083657640963793e-05
1.064872377355641166e-04 8.733401773497462273e-05
1.080006433767266599e-04 9.682781819719821215e-05
1.064823452907148722e-04 8.606103074271231890e-05
1.071637036147876670e-04 8.488278399454429746e-05
1.065618362190434709e-04 8.625523332739248872e-05
1.064126978235435618e-04 8.455569331999868155e-05
1.066712306965200696e-04 8.920854452298954129e-05
1.072910481525468640e-04 9.297855285694822669e-05
1.066127292688179296e-04 8.455417992081493139e-05
1.070158540187549025e-04 8.918121602619066834e-05
1.059032962075434571e-04 8.854544284986332059e-05
1.069179544174403364e-04 8.746741514187306166e-05
1.059435823663079673e-04 9.059414878720417619e-05
1.071681476787489373e-04 9.042485180543735623e-05
1.070049087502411621e-04 8.626333146821707487e-05
1.062527087924536290e-04 9.245569526683539152e-05
1.066600706508325001e-04 8.857765351422131062e-05
1.070955233444692594e-04 9.366600716020911932e-05
1.060099665664893164e-04 8.736909512663260102e-05
1.060583245816815125e-04 8.586129115428775549e-05
1.062770568751147921e-04 8.646521018818020821e-05
1.062034657479671296e-04 8.594508835813030601e-05
1.059828011420904686e-04 8.693562267581000924e-05
1.049050405526941231e-04 8.830635488266125321e-05
1.060930188032216365e-04 9.251346637029200792e-05
1.054989357726299150e-04 8.768679981585592031e-05
1.060952998159336830e-04 8.867962606018409133e-05
1.057127465173834935e-04 8.790284482529386878e-05
1.058191475749481496e-04 9.345696162199601531e-05
1.055533749422465863e-04 9.187911928165704012e-05
1.054392463629483300e-04 8.812938176561146975e-05
1.067519533535232767e-04 8.629716467112302780e-05
1.051030944836384151e-04 8.878137305146083236e-05
1.055791494763980154e-04 8.850594895193353295e-05
1.062423501025477863e-04 8.484604040859267116e-05
1.054466838468215428e-04 9.001388389151543379e-05
1.051123904289852362e-04 8.932965283747762442e-05
1.047963744440494338e-04 8.337218605447560549e-05
1.046404769567743696e-04 8.489868196193128824e-05
1.044742027261236244e-04 8.712522685527801514e-05
1.059060110492282493e-04 8.662945037940517068e-05
1.048406591507955427e-04 8.518061076756566763e-05
1.047489960910752443e-04 8.413275645580142736e-05
1.049313869771140108e-04 8.646663627587258816e-05
1.057024049259780413e-04 8.463935955660417676e-05
1.045487971168768072e-04 8.503162825945764780e-05
1.055723381796269732e-04 9.196927567245438695e-05
1.052906940458342487e-04 8.574088860768824816e-05
1.049350012181093916e-04 9.002030128613114357e-05
1.050171204042271711e-04 8.763706864556297660e-05
1.042959152073308360e-04 8.551091013941913843e-05
1.042789460370840998e-04 8.581297151977196336e-05
1.049361057084752301e-04 8.631624223198741674e-05
1.048282750161888516e-04 9.048591891769319773e-05
1.055906330293510082e-04 9.051554661709815264e-05
1.045744515067781376e-04 8.963184518506750464e-05
1.045776737555570408e-04 8.985936437966302037e-05
1.045563510615465930e-04 9.084129123948514462e-05
1.049947880346735447e-04 8.414051262661814690e-05
1.038610219438851318e-04 9.135800792137160897e-05
1.050907208082207944e-04 8.709045505383983254e-05
1.050189657689770684e-04 8.502235868945717812e-05
1.041022144363523694e-04 9.020035213325172663e-05
1.042575569044856766e-04 8.429410809185355902e-05
1.041610654738178764e-04 8.723161590751260519e-05
1.047061855388164986e-04 8.902499394025653601e-05
1.048547795107879183e-04 8.901338151190429926e-05
1.038435447298979907e-04 8.947905007516965270e-05
1.050137603670009358e-04 8.556006650906056166e-05
1.045799494022503549e-04 8.316843013744801283e-05
1.037563869431323892e-04 8.922882261686027050e-05
1.041045461533940397e-04 8.577170956414192915e-05
1.036711232700326946e-04 8.632616663817316294e-05
1.039563559970702072e-04 8.716618322068825364e-05
1.043352414853870896e-04 8.594970859121531248e-05
1.036667061271145913e-04 8.598867862019687891e-05
1.044323306814476436e-04 8.350815915036946535e-05
1.037004780300776528e-04 8.696987060829997063e-05
1.043026563820603769e-04 8.868704026099294424e-05
1.039601643242349382e-04 8.463048288831487298e-05
1.029649066822457880e-04 8.589096978539600968e-05
1.035485733154928366e-04 8.900886314222589135e-05
1.031858756505243892e-04 8.869126031640917063e-05
1.037547165651631049e-04 8.686173532623797655e-05
1.031663570756791187e-04 8.737576717976480722e-05
1.035151901305653182e-04 8.591646474087610841e-05
1.035134282574290410e-04 9.386076999362558126e-05
1.032125275742146214e-04 8.617071580374613404e-05
1.033952941725146984e-04 8.302125934278592467e-05
1.053096009854925769e-04 8.715854346519336104e-05
1.033346008625812856e-04 8.394972974201664329e-05
1.037084352901729289e-04 8.538128167856484652e-05
1.029521179134462727e-04 8.690584945725277066e-05
1.027419305046350928e-04 8.447591972071677446e-05
1.030618478125688826e-04 8.657290163682773709e-05
1.034968249769008253e-04 8.766949758864939213e-05
1.031425782457517871e-04 8.365141547983512282e-05
1.029280931106768576e-04 8.694743883097544312e-05
1.040281909808982109e-04 8.523832366336137056e-05
1.032719113027269459e-04 8.628719660919159651e-05
1.033283415381447412e-04 8.706245716894045472e-05
1.038910298120754278e-04 8.564598829252645373e-05
1.039109859448217294e-04 8.791261643636971712e-05
1.028621263685636222e-04 8.656816498842090368e-05
1.031792619869520395e-04 8.523532596882432699e-05
1.029420584927720456e-04 8.768140105530619621e-05
1.032116522765136297e-04 8.375754987355321646e-05
1.031051407153427081e-04 8.476454968331381679e-05
1.027601101668551564e-04 8.679962775204330683e-05
1.039141737237514435e-04 8.509997132932767272e-05
1.029212397043011124e-04 8.553171210223808885e-05
1.032917714837822105e-04 8.763730147620663047e-05
1.026713760438724394e-04 8.550198981538414955e-05
1.023422062644385706e-04 9.068795770872384310e-05
1.023598112624313244e-04 9.088763908948749304e-05
1.031315659929532558e-04 8.529207116225734353e-05
1.021943925479718073e-04 8.922034612623974681e-05
1.023072766201948980e-04 8.618160063633695245e-05
1.024042890549026170e-04 8.873836486600339413e-05
1.025178487907396602e-04 8.859080116963014007e-05
1.031213790156471050e-04 8.401594823226332664e-05
1.025400707931112319e-04 8.295777661260217428e-05
1.036479782669630340e-04 8.767096733208745718e-05
1.018535715957113980e-04 8.649523078929632902e-05
1.023653886022657362e-04 8.482787961838766932e-05
1.021523999952478280e-04 8.751571294851601124e-05
1.022776590616558733e-04 8.846546552376821637e-05
1.027177177093108185e-04 8.313928265124559402e-05
1.018025733173999416e-04 8.749154949327930808e-05
1.024485203743097427e-04 9.077704453375190496e-05
1.020243840684997795e-04 8.519212860846891999e-05
1.022337014546792489e-04 9.105155186261981726e-05
1.027947640068305164e-04 8.537554094800725579e-05
1.019756404275540317e-04 9.091170795727521181e-05
1.019729053041373791e-04 8.374663593713194132e-05
1.020750862153363441e-04 8.534662629244849086e-05
1.019198664835130303e-04 8.641804015496745706e-05
1.016794428778666770e-04 8.512595377396792173e-05
1.016228185108047856e-04 8.506134327035397291e-05
1.017069006138626665e-04 8.651104144519194961e-05
1.021639728605805376e-04 8.715419971849769354e-05
1.027698003781551961e-04 8.830883598420768976e-05
1.022547225147718618e-04 8.895804785424843431e-05
1.016204115330765435e-04 8.914462523534893990e-05
1.017682691781374133e-04 8.552781946491450071e-05
1.020634180804336238e-04 8.722580241737887263e-05
1.015821413602679914e-04 8.480517135467380285e-05
1.024868074637197424e-04 8.498326496919617057e-05
1.015545730297162717e-04 8.718748722458258271e-05
1.021408809720014661e-04 8.826432167552411556e-05
1.015180389913439258e-04 8.503951539751142263e-05
1.015391598230053259e-04 8.294737199321389198e-05
1.020246982989192420e-04 8.503308345098048449e-05
1.021179797589866266e-04 8.519655239069834352e-05
1.015699339404818656e-04 8.642188186058774590e-05
1.011818453662272077e-04 8.660392632009461522e-05
1.015221597299387159e-04 8.465549035463482141e-05
1.018685007693420576e-04 8.669665112392976880e-05
1.014634445709816592e-04 8.570284990128129721e-05
1.026483238092623597e-04 8.813373278826475143e-05
1.015058549910463571e-04 8.405981498071923852e-05
1.013123140182869947e-04 8.371587318833917379e-05
1.010334950024116524e-04 8.334852464031428099e-05
1.012945847833179842e-04 8.514904766343533993e-05
1.014818256408034331e-04 8.457084186375141144e-05
1.014376932744198712e-04 8.476292714476585388e-05
1.015873655887844534e-04 8.680301834829151630e-05
1.015877070130954908e-04 8.369867282453924417e-05
1.010374940506153480e-04 8.649237861391156912e-05
1.012384667774313184e-04 8.515318040736019611e-05
1.009445982163015287e-04 8.529906335752457380e-05
1.012312374314206008e-04 8.645924390293657780e-05
1.015472318613319685e-04 8.340701606357470155e-05
1.007008693704847219e-04 8.299400360556319356e-05
1.011324602131935562e-04 9.040271106641739607e-05
1.015571962852845927e-04 8.565226016798987985e-05
1.009456453175516772e-04 8.413046452915295959e-05
1.011073763947933912e-04 8.636296843178570271e-05
1.015135065699723728e-04 8.669201633892953396e-05
1.011466520139947534e-04 8.717182936379685998e-05
1.012688389891991392e-04 8.419847290497273207e-05
1.008452893074718331e-04 8.291376434499397874e-05
1.007375620247330489e-04 8.634390542283654213e-05
1.013396086818829590e-04 8.681895997142419219e-05
1.007015145205514327e-04 8.501691627316176891e-05
1.010006661545048646e-04 8.467616135021671653e-05
1.006628453069424777e-04 8.485519356327131391e-05
1.011242973618209335e-04 8.307174721267074347e-05
1.009698476082121488e-04 8.524431905243545771e-05
1.006435395083826761e-04 8.529068145435303450e-05
1.011768820717406898e-04 8.456119394395500422e-05
1.006782556942198398e-04 8.525910379830747843e-05
1.004500412818742970e-04 8.409984002355486155e-05
1.006482570574007723e-04 8.472800254821777344e-05
1.005405304567830144e-04 8.410357986576855183e-05
1.007925979592982940e-04 8.424756379099562764e-05
1.004980234029062531e-04 8.783091470832005143e-05
1.010100912026246051e-04 8.648327639093622565e-05
1.008547135370463366e-04 8.504922152496874332e-05
1.003955399482947514e-04 8.518419053871184587e-05
1.007557488264865296e-04 8.262331539299339056e-05
1.005750847980380085e-04 8.526358578819781542e-05
1.005537058517802480e-04 8.463861013296991587e-05
1.004085183012648540e-04 8.430892194155603647e-05
1.007219472739961957e-04 8.387752313865348697e-05
1.004081927931110840e-04 8.338744373759254813e-05
1.005526478365936782e-04 8.671219256939366460e-05
1.016556758713704821e-04 8.274805441033095121e-05
1.004661877232138013e-04 8.543442527297884226e-05
1.006583983780728913e-04 8.373275341000407934e-05
1.002621392217406592e-04 8.605486800661310554e-05
1.004937922061799300e-04 8.672293915878981352e-05
1.005400742542406106e-04 8.461513061774894595e-05
1.006123683509940801e-04 8.452399197267368436e-05
1.003024802230356700e-04 8.839694783091545105e-05
