2.875891375006176670e-02 1.458648405969142914e-02
8.246263145701959382e-03 8.089248090982437134e-03
5.152694167918525636e-03 2.399015473201870918e-03
3.913643148553092206e-03 6.300336215645074844e-03
3.208416403504088608e-03 1.651965081691741943e-03
2.678357384866103530e-03 1.587284496054053307e-03
2.107665642688516441e-03 1.059504924342036247e-03
2.280784479808062315e-03 1.523262821137905121e-03
2.030779400229221210e-03 2.676155883818864822e-03
1.802667042647954163e-03 1.682016067206859589e-03
1.989991990558337594e-03 2.814163919538259506e-03
2.039813787996536208e-03 8.989911293610930443e-04
1.881149916880531280e-03 1.001373166218400002e-03
1.858543562411796215e-03 1.498899189755320549e-03
1.895493428310146512e-03 1.266038394533097744e-03
1.686390198301523924e-03 8.591907098889350891e-04
1.637278639100259083e-03 1.168225775472819805e-03
1.386087264836532952e-03 8.992094662971794605e-04
1.816867540765088095e-03 7.867310196161270142e-04
1.379231001919833943e-03 1.895517110824584961e-03
1.157064759536297104e-03 7.489726413041353226e-04
8.657174883410334153e-04 9.080442832782864571e-04
9.043735124578233375e-04 7.324778707697987556e-04
1.146398303535534026e-03 1.837541116401553154e-03
9.389013546751811667e-04 1.058072084560990334e-03
1.000702934834407599e-03 6.396201788447797298e-04
7.023107144050299688e-04 1.030926359817385674e-03
6.997264907113275988e-04 6.111200782470405102e-04
6.223403863259591596e-04 3.937041328754276037e-04
6.515733031847048985e-04 4.688807821366935968e-04
6.998503689828794233e-04 7.997682550922036171e-04
6.327159764623502703e-04 6.595826125703752041e-04
8.561321839806624191e-04 4.077820631209760904e-04
6.647365167737007358e-04 8.404679829254746437e-04
6.618772982619703033e-04 4.785997443832457066e-04
5.949615620920667642e-04 3.961049369536340237e-04
6.284728162427200438e-04 4.900054773315787315e-04
6.231258870684541545e-04 3.822078870143741369e-04
5.809935282741207629e-04 3.405973548069596291e-04
7.232384694361825971e-04 9.109415113925933838e-04
5.307937521138228259e-04 5.410254234448075294e-04
5.103233845147770332e-04 6.240112124942243099e-04
6.808476275182329552e-04 5.228642257861793041e-04
4.906082960587810227e-04 5.273154238238930702e-04
4.883817699010250656e-04 6.766325095668435097e-04
7.431565012666396580e-04 7.927705300971865654e-04
5.323234374372987510e-04 6.325453286990523338e-04
5.168153667909792127e-04 6.083893240429461002e-04
4.804743952263379253e-04 4.987965803593397141e-04
4.266259249561698999e-04 3.361747949384152889e-04
4.236541273712646108e-04 2.849771699402481318e-04
4.152260295086307668e-04 3.005350590683519840e-04
4.527026057985494845e-04 3.586696111597120762e-04
3.966440679505467523e-04 3.708088479470461607e-04
4.050612726132385324e-04 3.773535718210041523e-04
4.673705323511967544e-04 3.413925587665289640e-04
4.719770433439407389e-04 4.174373461864888668e-04
4.846645508223445978e-04 2.762706717476248741e-04
5.074636490462580262e-04 5.527487373910844326e-04
2.435519164453686244e+04 2.004357874393463135e-01
2.113332679495215360e-01 2.004456967115402222e-01
2.108170272782445009e-01 2.004454433917999268e-01
2.106942301616072655e-01 2.004454582929611206e-01
2.106250857934355847e-01 2.004454880952835083e-01
2.105019602924585453e-01 2.004454880952835083e-01
2.104979695752263180e-01 2.004455029964447021e-01
2.104909338057041057e-01 2.004455327987670898e-01
2.104706957936287037e-01 2.004455626010894775e-01
2.104595141485333387e-01 2.004455626010894775e-01
2.104692813009023666e-01 2.004455626010894775e-01
2.104583419859409332e-01 2.004455626010894775e-01
2.104736695066094510e-01 2.004456073045730591e-01
2.104358382523059956e-01 2.004456073045730591e-01
2.104383589699864443e-01 2.004456222057342529e-01
2.104473076760768890e-01 2.004456222057342529e-01
2.104455387219786588e-01 2.004456222057342529e-01
2.104179417714476530e-01 2.004456520080566406e-01
2.104198612272739355e-01 2.004456520080566406e-01
2.104119194671511539e-01 2.004456818103790283e-01
2.104231080040335766e-01 2.004456967115402222e-01
2.104084298014640697e-01 2.004456967115402222e-01
2.104028815403580777e-01 2.004456967115402222e-01
2.104058591648936272e-01 2.004457265138626099e-01
2.103997463360428866e-01 2.004457265138626099e-01
2.103963749483227785e-01 2.004457265138626099e-01
2.103934960439801105e-01 2.004457265138626099e-01
2.103925321251153835e-01 2.004457414150238037e-01
2.103922035545110758e-01 2.004457414150238037e-01
2.103895194828510340e-01 2.004457414150238037e-01
2.103888748213648685e-01 2.004457414150238037e-01
2.103856028988957405e-01 2.004458010196685791e-01
2.103972397744655609e-01 2.004458010196685791e-01
2.103781078010797390e-01 2.004458010196685791e-01
2.103802181780338176e-01 2.004458010196685791e-01
2.103774551302194651e-01 2.004458010196685791e-01
2.103813119232654516e-01 2.004458159208297729e-01
2.103759685531258472e-01 2.004458159208297729e-01
2.103747814893722479e-01 2.004458457231521606e-01
2.103728938847780339e-01 2.004458457231521606e-01
2.103731950744986423e-01 2.004458457231521606e-01
2.103727130219340269e-01 2.004458457231521606e-01
2.103717882186174337e-01 2.004458457231521606e-01
2.103688465431332588e-01 2.004458606243133545e-01
2.103703936561941990e-01 2.004458606243133545e-01
2.103682758286595234e-01 2.004458606243133545e-01
2.103678755462169703e-01 2.004459202289581299e-01
2.103656327351927646e-01 2.004459202289581299e-01
2.103660121560096685e-01 2.004459202289581299e-01
2.103655336424708477e-01 2.004459202289581299e-01
2.103648737072944530e-01 2.004459202289581299e-01
2.103656454011798016e-01 2.004459202289581299e-01
2.103636389598250445e-01 2.004459351301193237e-01
2.103612508624791988e-01 2.004459351301193237e-01
2.103619994595646858e-01 2.004459351301193237e-01
2.103709554299712237e-01 2.004459649324417114e-01
2.103599982336163410e-01 2.004459649324417114e-01
2.103606900200247765e-01 2.004459649324417114e-01
2.103601463139057048e-01 2.004459798336029053e-01
2.103581123054027446e-01 2.004459798336029053e-01
2.103595366701483671e-01 2.004459798336029053e-01
2.103569939732551630e-01 2.004459798336029053e-01
2.103609813377261273e-01 2.004460096359252930e-01
2.103592058643698748e-01 2.004460096359252930e-01
2.103570295497775022e-01 2.004460394382476807e-01
2.103568837046623230e-01 2.004460394382476807e-01
2.103573041036725100e-01 2.004460394382476807e-01
2.103558218106627575e-01 2.004460394382476807e-01
2.103555168956518229e-01 2.004460543394088745e-01
2.103547371923923381e-01 2.004460543394088745e-01
2.103547891601920128e-01 2.004460841417312622e-01
2.103551179170608521e-01 2.004460841417312622e-01
2.103553446009755190e-01 2.004460841417312622e-01
2.103541167452931404e-01 2.004460990428924561e-01
2.103541791439056396e-01 2.004460990428924561e-01
2.103551758453249820e-01 2.004460990428924561e-01
2.103542411699891035e-01 2.004461288452148438e-01
2.103536788374185673e-01 2.004461288452148438e-01
2.103537537157535442e-01 2.004461586475372314e-01
2.103552356362342890e-01 2.004461735486984253e-01
2.103527767583727726e-01 2.004461735486984253e-01
2.103526404127478711e-01 2.004461735486984253e-01
2.103531219065189473e-01 2.004462033510208130e-01
2.103525200858712141e-01 2.004462033510208130e-01
2.103520870208740179e-01 2.004462033510208130e-01
2.103516032919287571e-01 2.004462033510208130e-01
2.103523992002010456e-01 2.004462033510208130e-01
2.103518482297658809e-01 2.004462182521820068e-01
2.103512668982148170e-01 2.004462182521820068e-01
2.103516057133674733e-01 2.004462480545043945e-01
2.103514436632394902e-01 2.004462778568267822e-01
2.103513948619365748e-01 2.004462778568267822e-01
2.103506820276379585e-01 2.004462778568267822e-01
2.103501483798027039e-01 2.004462778568267822e-01
2.103513156995177324e-01 2.004462927579879761e-01
2.103504793718457277e-01 2.004463225603103638e-01
2.103501845151186100e-01 2.004463225603103638e-01
2.103501811623573192e-01 2.004463374614715576e-01
2.103499568998813685e-01 2.004463374614715576e-01
2.103498838841915131e-01 2.004463374614715576e-01
2.103505600243806839e-01 2.004463672637939453e-01
2.103500168770551793e-01 2.004463672637939453e-01
2.103505039587617031e-01 2.004463970661163330e-01
2.103493265807628576e-01 2.004463970661163330e-01
2.103495273739099392e-01 2.004464119672775269e-01
2.103492178022861592e-01 2.004464417695999146e-01
2.103492651134729330e-01 2.004464417695999146e-01
2.103492425754666384e-01 2.004464417695999146e-01
2.103492248803377207e-01 2.004464566707611084e-01
2.103487882763147299e-01 2.004464566707611084e-01
2.103485332801938168e-01 2.004464566707611084e-01
2.103492379188537653e-01 2.004464864730834961e-01
2.103488614782690891e-01 2.004464864730834961e-01
2.103483930230140575e-01 2.004465162754058838e-01
2.103490283712744768e-01 2.004465162754058838e-01
2.103482961654662975e-01 2.004465609788894653e-01
2.103483866900205668e-01 2.004465609788894653e-01
2.103482520207762829e-01 2.004465758800506592e-01
2.103481752797961291e-01 2.004465758800506592e-01
2.103475768119096867e-01 2.004466056823730469e-01
2.103481357917189598e-01 2.004466056823730469e-01
2.103481594473123606e-01 2.004466056823730469e-01
2.103480702266097013e-01 2.004466354846954346e-01
2.103474861010909136e-01 2.004466354846954346e-01
2.103475369513034821e-01 2.004466503858566284e-01
2.103477042168378774e-01 2.004466801881790161e-01
2.103473879396915436e-01 2.004466801881790161e-01
2.103477198630571421e-01 2.004466950893402100e-01
2.103477239608764759e-01 2.004467248916625977e-01
2.103471688926220051e-01 2.004467248916625977e-01
2.103469874709844589e-01 2.004467546939849854e-01
2.103471882641315405e-01 2.004467546939849854e-01
2.103469239547848812e-01 2.004467546939849854e-01
2.103468991816043743e-01 2.004467695951461792e-01
2.103468092158436720e-01 2.004467993974685669e-01
2.103470094501972143e-01 2.004467993974685669e-01
2.103464292362332289e-01 2.004468441009521484e-01
2.103463022038340458e-01 2.004468441009521484e-01
2.103463668376207296e-01 2.004468441009521484e-01
2.103463865816593281e-01 2.004468739032745361e-01
2.103463673964142688e-01 2.004468888044357300e-01
2.103463305160403196e-01 2.004469186067581177e-01
2.103462653234600965e-01 2.004469186067581177e-01
2.103462265804409981e-01 2.004469633102416992e-01
2.103458831086754688e-01 2.004469633102416992e-01
2.103458918631076757e-01 2.004469633102416992e-01
2.103456689044833072e-01 2.004469931125640869e-01
2.103457015007734188e-01 2.004470080137252808e-01
2.103458449244499096e-01 2.004470378160476685e-01
2.103453198447823580e-01 2.004470527172088623e-01
2.103453228250145857e-01 2.004470825195312500e-01
2.103451900184154510e-01 2.004470825195312500e-01
2.103451658040285110e-01 2.004471123218536377e-01
2.103451542556285803e-01 2.004471272230148315e-01
2.103451272472739164e-01 2.004471570253372192e-01
2.103449599817395210e-01 2.004471570253372192e-01
2.103449525311589241e-01 2.004471719264984131e-01
2.103448631241917610e-01 2.004472017288208008e-01
2.103447934612631687e-01 2.004472315311431885e-01
2.103447763249278180e-01 2.004472315311431885e-01
2.103446314111351856e-01 2.004472762346267700e-01
2.103447265923023279e-01 2.004472762346267700e-01
2.103443948552012333e-01 2.004473209381103516e-01
2.103441283106803894e-01 2.004473209381103516e-01
2.103442529216408841e-01 2.004473656415939331e-01
2.103443253785371725e-01 2.004473954439163208e-01
2.103439567610621563e-01 2.004474103450775146e-01
2.103438785299658886e-01 2.004474699497222900e-01
2.103438721969723701e-01 2.004474848508834839e-01
2.103438097983598709e-01 2.004475146532058716e-01
2.103437539190053940e-01 2.004475593566894531e-01
2.103435764089226778e-01 2.004475891590118408e-01
2.103435644879937116e-01 2.004476338624954224e-01
2.103433718904852978e-01 2.004476785659790039e-01
2.103431669995188824e-01 2.004477083683013916e-01
2.103430975228547939e-01 2.004477530717849731e-01
2.103430522605776731e-01 2.004477977752685547e-01
2.103428211063146647e-01 2.004478275775909424e-01
2.103427018970251139e-01 2.004478722810745239e-01
2.103425059467554092e-01 2.004478871822357178e-01
2.103423824533820208e-01 2.004479467868804932e-01
2.103422302752733231e-01 2.004480063915252686e-01
2.103422367945313454e-01 2.004480063915252686e-01
2.103418827056884877e-01 2.004480659961700439e-01
2.103416364639997538e-01 2.004480808973312378e-01
2.103416055440902599e-01 2.004481106996536255e-01
2.103414339944720268e-01 2.004481256008148193e-01
2.103412803262472153e-01 2.004481256008148193e-01
2.103412313386797960e-01 2.004481554031372070e-01
2.103411808609962352e-01 2.004481852054595947e-01
2.103410353884100914e-01 2.004481852054595947e-01
2.103409694507717975e-01 2.004481852054595947e-01
2.103409366682171822e-01 2.004482001066207886e-01
2.103408787399530522e-01 2.004482299089431763e-01
2.103409143164753914e-01 2.004482299089431763e-01
2.103408169001340922e-01 2.004482299089431763e-01
2.103407662361860275e-01 2.004482299089431763e-01
2.103407498449087198e-01 2.004482299089431763e-01
2.103407301008701213e-01 2.004482299089431763e-01
2.103407263755798229e-01 2.004482448101043701e-01
2.103406816720962413e-01 2.004482448101043701e-01
2.103406954556703568e-01 2.004482448101043701e-01
2.103406732901930698e-01 2.004482448101043701e-01
2.103406429290771429e-01 2.004482448101043701e-01
2.103406202048063167e-01 2.004482448101043701e-01
2.103406395763158798e-01 2.004482448101043701e-01
2.103406349197030067e-01 2.004482448101043701e-01
2.103406153619289398e-01 2.004482448101043701e-01
2.103405881673097721e-01 2.004482448101043701e-01
2.103405773639678844e-01 2.004482448101043701e-01
2.103406358510255814e-01 2.004482746124267578e-01
2.103405613452196121e-01 2.004482746124267578e-01
2.103405574336648098e-01 2.004482746124267578e-01
2.103405423462390844e-01 2.004482746124267578e-01
2.103405347093939837e-01 2.004482746124267578e-01
2.103405348956584875e-01 2.004482746124267578e-01
2.103405233472585567e-01 2.004482746124267578e-01
2.103405281901359614e-01 2.004482746124267578e-01
2.103405136615038029e-01 2.004482746124267578e-01
2.103405121713876613e-01 2.004482746124267578e-01
2.103404998779296875e-01 2.004482746124267578e-01
2.103405056521296390e-01 2.004482746124267578e-01
2.103404972702264675e-01 2.004482746124267578e-01
2.103405028581619152e-01 2.004482746124267578e-01
2.103404885157942883e-01 2.004482746124267578e-01
2.103404894471168629e-01 2.004482746124267578e-01
2.103404819965362660e-01 2.004482746124267578e-01
2.103404806926846560e-01 2.004482746124267578e-01
2.103404786437749752e-01 2.004482746124267578e-01
2.103404719382524490e-01 2.004482746124267578e-01
2.103404689580202214e-01 2.004482746124267578e-01
2.103404730558395275e-01 2.004482746124267578e-01
2.103404654189944267e-01 2.004482746124267578e-01
2.103404620662331637e-01 2.004482746124267578e-01
2.103404583409428652e-01 2.004482746124267578e-01
2.103404598310589790e-01 2.004482746124267578e-01
2.103404529392719213e-01 2.004482746124267578e-01
2.103404467925429344e-01 2.004482746124267578e-01
2.103404518216848429e-01 2.004482746124267578e-01
2.103404508903622683e-01 2.004482746124267578e-01
2.103404447436332814e-01 2.004482746124267578e-01
2.103404447436332814e-01 2.004482746124267578e-01
2.103404466062784306e-01 2.004482746124267578e-01
2.103404425084590967e-01 2.004482746124267578e-01
2.103404376655816921e-01 2.004482746124267578e-01
2.103404311463236698e-01 2.004482746124267578e-01
2.103404453024268206e-01 2.004482746124267578e-01
2.103404290974140167e-01 2.004482746124267578e-01
2.103404289111495129e-01 2.004482746124267578e-01
2.103404283523559459e-01 2.004482746124267578e-01
2.103404296562075559e-01 2.004482746124267578e-01
2.103404225781559944e-01 2.004482746124267578e-01
2.103404305875301306e-01 2.004482746124267578e-01
2.103404343128204290e-01 2.004482746124267578e-01
2.103404197841882706e-01 2.004482746124267578e-01
2.103404218330979236e-01 2.004482746124267578e-01
2.103404197841882706e-01 2.004482746124267578e-01
2.103404123336076736e-01 2.004482746124267578e-01
2.103404175490140859e-01 2.004482746124267578e-01
2.103404125198721775e-01 2.004482746124267578e-01
2.103404100984334890e-01 2.004482746124267578e-01
2.103404071182012613e-01 2.004482746124267578e-01
2.103404089808464106e-01 2.004482746124267578e-01
2.103404043242335375e-01 2.004482746124267578e-01
2.103404009714722744e-01 2.004482746124267578e-01
2.103404013440012821e-01 2.004482746124267578e-01
2.103403994813561328e-01 2.004482746124267578e-01
2.103403957560658344e-01 2.004482746124267578e-01
2.103403979912400190e-01 2.004482746124267578e-01
2.103403961285948698e-01 2.004482746124267578e-01
2.103403940796852167e-01 2.004482746124267578e-01
2.103403942659497206e-01 2.004482746124267578e-01
2.103403888642788044e-01 2.004482746124267578e-01
2.103403901681303867e-01 2.004482746124267578e-01
2.103403864428400882e-01 2.004482746124267578e-01
2.103403845801949390e-01 2.004482746124267578e-01
2.103403845801949390e-01 2.004482746124267578e-01
2.103403817862272152e-01 2.004482746124267578e-01
2.103403791785240229e-01 2.004482448101043701e-01
2.103403829038143213e-01 2.004482448101043701e-01
2.103403780609369167e-01 2.004482448101043701e-01
2.103403758257627598e-01 2.004482448101043701e-01
2.103403745219111498e-01 2.004482448101043701e-01
2.103403730317950360e-01 2.004482448101043701e-01
2.103403732180595398e-01 2.004482448101043701e-01
2.103403676301240921e-01 2.004482448101043701e-01
2.103403683751821629e-01 2.004482448101043701e-01
2.103403653949499075e-01 2.004482448101043701e-01
2.103403666988015175e-01 2.004482448101043701e-01
2.103403640910982975e-01 2.004482448101043701e-01
2.103403620421886444e-01 2.004482448101043701e-01
2.103403618559241406e-01 2.004482448101043701e-01
2.103403616696596090e-01 2.004482448101043701e-01
2.103403581306338421e-01 2.004482448101043701e-01
2.103403570130467359e-01 2.004482448101043701e-01
2.103403588756918852e-01 2.004482448101043701e-01
2.103403558954596575e-01 2.004482448101043701e-01
2.103403527289628983e-01 2.004482448101043701e-01
2.103403542190790121e-01 2.004482448101043701e-01
2.103403529152274021e-01 2.004482448101043701e-01
2.103403516113758198e-01 2.004482448101043701e-01
2.103403521701693590e-01 2.004482448101043701e-01
2.103403514251112882e-01 2.004482448101043701e-01
2.103403467684984152e-01 2.004482448101043701e-01
2.103403506800532452e-01 2.004482448101043701e-01
2.103403540328145083e-01 2.004482448101043701e-01
2.103403456509113367e-01 2.004482448101043701e-01
2.103403469547629467e-01 2.004482448101043701e-01
2.103403456509113367e-01 2.004482448101043701e-01
2.103403436020016559e-01 2.004482299089431763e-01
2.103403434157371521e-01 2.004482299089431763e-01
2.103403396904468536e-01 2.004482299089431763e-01
2.103403419256210383e-01 2.004482299089431763e-01
2.103403391316533144e-01 2.004482299089431763e-01
2.103403378278017044e-01 2.004482299089431763e-01
2.103403370827436336e-01 2.004482299089431763e-01
2.103403352200984844e-01 2.004482299089431763e-01
2.103403374552726690e-01 2.004482299089431763e-01
2.103403309360146467e-01 2.004482001066207886e-01
2.103403335437178667e-01 2.004482001066207886e-01
2.103403341025114059e-01 2.004482001066207886e-01
2.103403262794017736e-01 2.004482001066207886e-01
2.103403255343437306e-01 2.004482001066207886e-01
2.103403260931372698e-01 2.004482001066207886e-01
2.103403259068727382e-01 2.004482001066207886e-01
2.103403201326727867e-01 2.004482001066207886e-01
2.103403195738792475e-01 2.004482001066207886e-01
2.103403218090534321e-01 2.004482001066207886e-01
2.103403147310018428e-01 2.004482001066207886e-01
2.103403136134147644e-01 2.004482001066207886e-01
2.103403136134147644e-01 2.004482001066207886e-01
2.103403097018599621e-01 2.004481852054595947e-01
2.103403132408857290e-01 2.004481852054595947e-01
2.103403041139245144e-01 2.004481852054595947e-01
2.103403007611632236e-01 2.004481852054595947e-01
2.103403003886342160e-01 2.004481852054595947e-01
2.103402942419052013e-01 2.004481852054595947e-01
2.103402914479374775e-01 2.004481554031372070e-01
2.103402899578213636e-01 2.004481554031372070e-01
2.103402860462665613e-01 2.004481554031372070e-01
2.103402791544795036e-01 2.004481554031372070e-01
2.103402722626924459e-01 2.004481554031372070e-01
2.103402733802795521e-01 2.004481554031372070e-01
2.103402638807892744e-01 2.004481554031372070e-01
2.103402581065893229e-01 2.004481256008148193e-01
2.103402554988861028e-01 2.004481256008148193e-01
2.103402487933635767e-01 2.004481256008148193e-01
2.103402394801378306e-01 2.004481256008148193e-01
2.103402327746152767e-01 2.004481106996536255e-01
2.103402223438024521e-01 2.004481106996536255e-01
2.103402152657508906e-01 2.004481106996536255e-01
2.103402128443122021e-01 2.004480808973312378e-01
2.103401949629187528e-01 2.004480808973312378e-01
2.103401845321059283e-01 2.004480659961700439e-01
2.103401716798543875e-01 2.004480361938476562e-01
2.103401610627770313e-01 2.004480361938476562e-01
2.103401422500610352e-01 2.004480063915252686e-01
2.103401241824030821e-01 2.004480063915252686e-01
2.103401040658354759e-01 2.004479616880416870e-01
2.103400804102420751e-01 2.004479467868804932e-01
2.103400534018874113e-01 2.004479169845581055e-01
2.103400237858295552e-01 2.004478871822357178e-01
2.103399924933910259e-01 2.004478275775909424e-01
2.103399494662880898e-01 2.004477679729461670e-01
2.103399029001593590e-01 2.004477232694625854e-01
2.103398445993661936e-01 2.004476487636566162e-01
2.103397760540247075e-01 2.004476040601730347e-01
2.103340752422809545e-01 2.004112303256988525e-01
1.112770595354959369e-01 1.240776479244232178e-02
7.525788800558074962e-03 6.828232668340206146e-03
5.631671319133601909e-03 5.540614482015371323e-03
5.040585214737802397e-03 5.154494196176528931e-03
4.797368645085953176e-03 4.945013206452131271e-03
4.490008915308862751e-03 4.672323353588581085e-03
4.349843354430049484e-03 4.537000320851802826e-03
4.149992737802676510e-03 4.287671297788619995e-03
4.052505668369121850e-03 4.154955036938190460e-03
3.869481224683113396e-03 4.020423628389835358e-03
3.759469999931752508e-03 4.009113647043704987e-03
3.727151475322898391e-03 3.818076569586992264e-03
3.542406737687997607e-03 3.851093817502260208e-03
3.460896902834065085e-03 3.723465604707598686e-03
3.448325002682395453e-03 3.634535940364003181e-03
3.489113900286611170e-03 3.997659776359796524e-03
3.305830733734182840e-03 3.443850670009851456e-03
3.223587888351176021e-03 3.237894503399729729e-03
3.204506442125421104e-03 3.263230202719569206e-03
3.216389680164866323e-03 3.482959698885679245e-03
3.192227188264951110e-03 3.684788243845105171e-03
3.130603033059742475e-03 3.317148191854357719e-03
3.112059664272237396e-03 3.143756417557597160e-03
3.186418623954523355e-03 2.987301675602793694e-03
3.058368757774587547e-03 3.087176010012626648e-03
3.059777549060527149e-03 3.309850115329027176e-03
2.979036752367392356e-03 2.962275641039013863e-03
2.949945689761079674e-03 2.979787997901439667e-03
2.959395936341024762e-03 2.975523704662919044e-03
3.216153995890635824e-03 2.773305401206016541e-03
2.884523417742457328e-03 2.777220681309700012e-03
2.943819602660368955e-03 2.903208136558532715e-03
2.946156013058498415e-03 2.877075225114822388e-03
2.849279005022254015e-03 2.740526571869850159e-03
2.839608273643534457e-03 2.739150775596499443e-03
2.758724482555408117e-03 2.725814469158649445e-03
2.745431028597522354e-03 2.942222170531749725e-03
2.825056605797726487e-03 2.592494245618581772e-03
2.743828608072362667e-03 2.537701511755585670e-03
2.714109933003783313e-03 2.515163039788603783e-03
2.643023822747636500e-03 2.684195525944232941e-03
2.607665547111537394e-03 2.574982587248086929e-03
2.616605049115605826e-03 2.428190782666206360e-03
2.586650247394572943e-03 2.357345540076494217e-03
2.511747278913389718e-03 2.529784571379423141e-03
2.592407759220804846e-03 2.729680854827165604e-03
2.586860436713322910e-03 2.299163490533828735e-03
2.516933617880567735e-03 2.309002680703997612e-03
2.630421397043392062e-03 2.186586847528815269e-03
2.558491053059697238e-03 2.368165878579020500e-03
2.370844839606434280e-03 2.346283989027142525e-03
2.460261795204132622e-03 2.177325543016195297e-03
2.317816257709637371e-03 2.061691135168075562e-03
2.378231313196010974e-03 2.615016186609864235e-03
2.376035104680340650e-03 2.312490018084645271e-03
2.265734251704998141e-03 2.151499968022108078e-03
2.256794481945689854e-03 2.302510896697640419e-03
2.289652799663599754e-03 2.191442530602216721e-03
2.169299773231614555e-03 2.074936870485544205e-03
2.108654225594364107e-03 1.944025978446006775e-03
2.014669240452349186e-03 1.844412880018353462e-03
1.949096356111113025e-03 1.768629299476742744e-03
2.008654589008074427e-03 1.812955131754279137e-03
1.921722563565708697e-03 1.669485704042017460e-03
1.914630713872611479e-03 1.558267278596758842e-03
1.834838085051160219e-03 1.885684905573725700e-03
1.847627232200466010e-03 1.562789082527160645e-03
1.819356750638689933e-03 1.503792824223637581e-03
1.803549895703326824e-03 1.430694595910608768e-03
1.834186204359866722e-03 1.520980615168809891e-03
1.789550788816995875e-03 1.467990921810269356e-03
1.705846113327424930e-03 1.356209395453333855e-03
1.789924466720549390e-03 1.232304377481341362e-03
1.717830161214806096e-03 1.301927375607192516e-03
1.696303382777841675e-03 1.267853542231023312e-03
1.624128204275621015e-03 1.175562618300318718e-03
1.631783928314689590e-03 1.351260812953114510e-03
1.656132473726756871e-03 1.151023199781775475e-03
1.549437828361988024e-03 1.100243418477475643e-03
1.639553828863427086e-03 1.088313991203904152e-03
1.525841726834187241e-03 1.089035184122622013e-03
1.506866735144285442e-03 1.115392311476171017e-03
1.538977146265097006e-03 1.361223519779741764e-03
1.614511274237884252e-03 1.008656807243824005e-03
1.441002551291603552e-03 1.089589437469840050e-03
1.403057362767867701e-03 1.119098276831209660e-03
1.465275458031101152e-03 1.197242527268826962e-03
1.390759661444462879e-03 1.151919248513877392e-03
1.366497459093807178e-03 9.991615079343318939e-04
1.415466563048539640e-03 1.040849369019269943e-03
1.398857730964664326e-03 1.080162357538938522e-03
1.361315560643561184e-03 1.579535542987287045e-03
1.359898626105859876e-03 1.084109651856124401e-03
1.360472030501114161e-03 9.978830348700284958e-04
1.357198457117192404e-03 9.577319142408668995e-04
1.326331594464136374e-03 1.099074725061655045e-03
1.258256100118160204e-03 1.050669932737946510e-03
1.295595058036269663e-03 1.030850922688841820e-03
1.289791951421648264e-03 1.116533414460718632e-03
1.353603642928646834e-03 1.123680965974926949e-03
1.248286537884268953e-03 1.302956021390855312e-03
1.286938528210157529e-03 1.077177119441330433e-03
1.235852639365475668e-03 9.654365712776780128e-04
1.252125166502082720e-03 1.045298296958208084e-03
1.202704526804154739e-03 1.111318008042871952e-03
1.267803776863729668e-03 1.174498582258820534e-03
1.277109273360110819e-03 1.161964610219001770e-03
1.184330983232939659e-03 1.033980632200837135e-03
1.176116122951498212e-03 1.248949207365512848e-03
1.155212561570806429e-03 1.184087828733026981e-03
1.170835088123567316e-03 9.927832288667559624e-04
1.135914931364823176e-03 1.143631292507052422e-03
1.182797896763076962e-03 9.735032799653708935e-04
1.146260638051899150e-03 1.084302086383104324e-03
1.157681179029168474e-03 1.191291725262999535e-03
1.146462074393639254e-03 1.123647904023528099e-03
1.095395851734792814e-03 1.011205255053937435e-03
1.126597848633537156e-03 1.126780873164534569e-03
1.169343139190459711e-03 1.082967733964323997e-03
1.138910859299357937e-03 9.919418953359127045e-04
1.129997152747819157e-03 1.066103577613830566e-03
1.082935760496184186e-03 1.098483800888061523e-03
1.072030304931104096e-03 1.061025657691061497e-03
1.096202133339829743e-03 1.082850038073956966e-03
1.111160346772521648e-03 1.518531353212893009e-03
1.100079325988190335e-03 1.277454080991446972e-03
1.143422470340737986e-03 9.102388285100460052e-04
1.103809175401693253e-03 9.165129740722477436e-04
1.049086270359111906e-03 9.286566637456417084e-04
1.075182105705607726e-03 9.735838393680751324e-04
1.068679231684654864e-03 9.610041743144392967e-04
1.113494535820791411e-03 1.079290872439742088e-03
1.059054584766272542e-03 9.049132349900901318e-04
1.060877487179823176e-03 9.617067989893257618e-04
1.029888544871937570e-03 9.204012458212673664e-04
1.027760494616814044e-03 9.411626379005610943e-04
1.025194139947416174e-03 1.057752990163862705e-03
1.004575785918859678e-03 1.005341648124158382e-03
1.011500866297865286e-03 8.784894598647952080e-04
9.894813985738438056e-04 9.873152012005448341e-04
1.077121428534155755e-03 9.229996940121054649e-04
1.009896006871713412e-03 9.276703931391239166e-04
9.924497426254674792e-04 9.306936408393085003e-04
1.011768722673878117e-03 9.420150890946388245e-04
9.922072618792298314e-04 9.070984087884426117e-04
9.808774768316653059e-04 8.913014316931366920e-04
1.022087681485572917e-03 9.017579141072928905e-04
9.627301333239302039e-04 9.162433561868965626e-04
9.940261232259217216e-04 1.091615529730916023e-03
9.656908499891869507e-04 8.432932081632316113e-04
9.602775433450005515e-04 9.050931548699736595e-04
9.773545541975181116e-04 9.069248335435986519e-04
9.915949296555482285e-04 9.101702016778290272e-04
9.971340696210972965e-04 1.376285450533032417e-03
9.794272300496231765e-04 8.947754395194351673e-04
9.294443727412727164e-04 8.941716514527797699e-04
9.648563092923723595e-04 8.493206696584820747e-04
1.004895271762507036e-03 9.379580733366310596e-04
9.362133241666015238e-04 8.695723372511565685e-04
9.419554487976710810e-04 8.027639123611152172e-04
9.112557207117788060e-04 7.995764608494937420e-04
9.226983391272369339e-04 7.950385333970189095e-04
9.492806086200289862e-04 8.521359413862228394e-04
9.372594649903476238e-04 8.166191983036696911e-04
9.042748577485326244e-04 8.963468717411160469e-04
9.054086411197203709e-04 8.734450675547122955e-04
9.797067017643713328e-04 7.328517967835068703e-04
8.865026691637467159e-04 8.424355764873325825e-04
8.937304824939929166e-04 7.676675450056791306e-04
8.955425168096553317e-04 8.795337635092437267e-04
8.952282940299482582e-04 7.552596507593989372e-04
8.991122878796887086e-04 8.307787356898188591e-04
8.671476156450807831e-04 7.445375085808336735e-04
9.030070774315390953e-04 8.130525238811969757e-04
9.029743014252744615e-04 7.390552782453596592e-04
8.973720243375283168e-04 7.669043261557817459e-04
8.801501200650819080e-04 8.072729106061160564e-04
8.515773712133523294e-04 7.621854310855269432e-04
9.011469766846858399e-04 9.032100206241011620e-04
8.694399060914292715e-04 7.451919955201447010e-04
8.497228540363721333e-04 6.670483853667974472e-04
8.349081093911081336e-04 6.616822793148458004e-04
8.300627287098905072e-04 7.853129645809531212e-04
8.047973067732527418e-04 7.420504698529839516e-04
8.098273952782619961e-04 7.119674119167029858e-04
8.171534216671715988e-04 7.904663798399269581e-04
8.057970917434431612e-04 7.087417761795222759e-04
8.482239602017216818e-04 6.934098782949149609e-04
8.026417221117298833e-04 7.244533626362681389e-04
7.881391014961991242e-04 6.877692067064344883e-04
7.789927549310959876e-04 6.915800622664391994e-04
8.286837895866483233e-04 6.448374479077756405e-04
8.276384563941973976e-04 9.896011324599385262e-04
7.865654519264353222e-04 7.210884941741824150e-04
7.811208823113701804e-04 6.614502635784447193e-04
7.900293596321717338e-04 6.857450352981686592e-04
7.891694796853699224e-04 7.591648027300834656e-04
7.671387778827920339e-04 6.683267420157790184e-04
7.949186852783896246e-04 6.890819058753550053e-04
7.712967206316533996e-04 6.379020633175969124e-04
7.876640869653783522e-04 6.134492577984929085e-04
7.698247853113570748e-04 6.404878222383558750e-04
7.493615092243998809e-04 6.295503117144107819e-04
7.502255968574900614e-04 6.840693531557917595e-04
7.997812070243525816e-04 7.915895548649132252e-04
7.758419531455728723e-04 5.870966706424951553e-04
7.817247482307720713e-04 6.350892945192754269e-04
7.360822630289476799e-04 6.575472652912139893e-04
7.558255638286937028e-04 6.285181734710931778e-04
7.523435990151483999e-04 7.232917123474180698e-04
7.292974612937541245e-04 6.686541019007563591e-04
7.431582671415526420e-04 6.305881543084979057e-04
7.325387472519650838e-04 6.864565657451748848e-04
7.684625423280521794e-04 6.845659809187054634e-04
7.803742300893645734e-04 7.256309618242084980e-04
7.326611987082288103e-04 5.963950534351170063e-04
7.368173348368145959e-04 6.198465125635266304e-04
7.341288997849915393e-04 5.981258582323789597e-04
7.256674220116110302e-04 6.269380101002752781e-04
7.241594135848572695e-04 5.881983088329434395e-04
7.206117159512359215e-04 6.346945301629602909e-04
7.371872561634518206e-04 7.635659421794116497e-04
7.298921969777439006e-04 5.884246202185750008e-04
7.167229323385981843e-04 6.328684976324439049e-04
7.126517615688498846e-04 6.256725755520164967e-04
7.199913474323693446e-04 5.708535318262875080e-04
7.055772402964066714e-04 5.944470176473259926e-04
7.043693698506103612e-04 6.173161091282963753e-04
7.016339652182069109e-04 6.352305063046514988e-04
7.072451127896784307e-04 5.899000680074095726e-04
7.220946990855736658e-04 7.410318357869982719e-04
6.968223406147444621e-04 6.040533189661800861e-04
7.032795656414236873e-04 6.121800979599356651e-04
7.174463371484307572e-04 6.946775829419493675e-04
7.013149370322935283e-04 6.481536547653377056e-04
7.051555985526647419e-04 6.399843259714543819e-04
6.971189715841319846e-04 6.041158339940011501e-04
7.061488631734391674e-04 7.202792330645024776e-04
6.997681150096469061e-04 6.031384691596031189e-04
6.826247492426773967e-04 6.135816220194101334e-04
6.980657395615708300e-04 6.741992547176778316e-04
6.792280844820197238e-04 7.075053290463984013e-04
6.761380325770005150e-04 6.583919166587293148e-04
6.936154069990152927e-04 5.794760654680430889e-04
7.097832884028320698e-04 5.751517019234597683e-04
6.748696006980026574e-04 7.097276393324136734e-04
7.075169723975704983e-04 5.362414522096514702e-04
6.901134362124139660e-04 5.783207016065716743e-04
6.697560598695418083e-04 5.607977509498596191e-04
6.831138696725246994e-04 6.556675652973353863e-04
6.710796227707760192e-04 5.817670025862753391e-04
6.711516303766984709e-04 5.890909815207123756e-04
6.820040904131019705e-04 5.341605283319950104e-04
6.896282535308273726e-04 5.721248453482985497e-04
6.864152866910445006e-04 6.156145827844738960e-04
6.793864209612366029e-04 5.964497686363756657e-04
6.752893441444030032e-04 6.062603788450360298e-04
6.777011287340429114e-04 6.062815664336085320e-04
6.631400090554961501e-04 6.038683932274580002e-04
6.627740658586844802e-04 5.836162017658352852e-04
6.566717998794047379e-04 5.287403473630547523e-04
6.695179465168621825e-04 5.915567162446677685e-04
6.564552499185083217e-04 5.717082531191408634e-04
6.400361711712321050e-04 5.535585805773735046e-04
6.625499951042002284e-04 5.398565554060041904e-04
6.675575128610944592e-04 7.195804500952363014e-04
6.655316778051201037e-04 5.535595118999481201e-04
6.669221318588824509e-04 5.099278641864657402e-04
6.675900658592581749e-04 6.004190072417259216e-04
6.424413761124015288e-04 5.416097119450569153e-04
6.690643749607261270e-04 5.667360383085906506e-04
7.075973506289301006e-04 6.278863875195384026e-04
6.439973691158229702e-04 5.356498295441269875e-04
6.510282888484653302e-04 5.108534824103116989e-04
6.459581669332692616e-04 5.245630163699388504e-04
6.655723358562681607e-04 5.165121401660144329e-04
6.416644650016678280e-04 6.013009115122258663e-04
6.527662408188916743e-04 5.554063827730715275e-04
6.321359025605489002e-04 5.505131557583808899e-04
6.357098536682315171e-04 5.423762486316263676e-04
6.487951563030946783e-04 6.049580406397581100e-04
6.698449113173409863e-04 5.403614486567676067e-04
6.373716681991936422e-04 5.308655672706663609e-04
6.354830908094300174e-04 5.500008701346814632e-04
6.403079529263777875e-04 5.364032695069909096e-04
6.349850013066315807e-04 5.617337301373481750e-04
6.407160548405954397e-04 5.276682204566895962e-04
6.340063086099689610e-04 5.527902394533157349e-04
6.367027501255507083e-04 5.066298181191086769e-04
6.244516884180484123e-04 5.143287125974893570e-04
6.321152450254885480e-04 5.350954597815871239e-04
6.386540106177562414e-04 5.753791192546486855e-04
6.410541696823202290e-04 5.314373411238193512e-04
6.387882363924291202e-04 5.262961494736373425e-04
6.393947202013805725e-04 5.018784431740641594e-04
6.199254257808206603e-04 5.621978198178112507e-04
6.180463846249039999e-04 5.521319690160453320e-04
6.318286104942671955e-04 5.038984818384051323e-04
6.209863448020768849e-04 5.594248650595545769e-04
6.300908702542073808e-04 5.768585251644253731e-04
6.189185878611169755e-04 5.434488994069397449e-04
6.188525232573738755e-04 5.271370173431932926e-04
6.150933462777174792e-04 5.954666994512081146e-04
6.088880756578874277e-04 5.274304421618580818e-04
6.196186674060300209e-04 5.756955360993742943e-04
6.240809238079236603e-04 4.980880767107009888e-04
6.189609855937305404e-04 4.920495557598769665e-04
6.110353395342826410e-04 5.040244432166218758e-04
6.103978346800431175e-04 5.769428098574280739e-04
6.129071640316397169e-04 5.321205826476216316e-04
6.188985607877839357e-04 5.611949018202722073e-04
6.118683217209763608e-04 5.416549975052475929e-04
6.064333283575251698e-04 5.142792942933738232e-04
6.160857199574820264e-04 5.874925409443676472e-04
6.217866535735083961e-04 5.567609914578497410e-04
5.962208411801839464e-04 5.260005709715187550e-04
6.128762212028959983e-04 5.410861922428011894e-04
5.978895624139113352e-04 4.937263438478112221e-04
5.956109733233460723e-04 5.259190802462399006e-04
6.078076014091493996e-04 5.261908518150448799e-04
6.172851586597971835e-04 5.140075227245688438e-04
6.035224541847128421e-04 5.711341509595513344e-04
5.935298668191535398e-04 5.264044739305973053e-04
6.007503150613046749e-04 5.403069080784916878e-04
5.941333529335679486e-04 5.286672385409474373e-04
5.866705454536713443e-04 5.049735191278159618e-04
5.883224333956604607e-04 5.320039344951510429e-04
5.979253986879484511e-04 5.170649965293705463e-04
5.986077478155494170e-04 5.338364280760288239e-04
5.951954437477980243e-04 5.098506808280944824e-04
5.917228940234053663e-04 5.241842591203749180e-04
5.868402313353726640e-04 5.112025537528097630e-04
5.857062704308190881e-04 4.909576382488012314e-04
5.937828471360262050e-04 5.657594883814454079e-04
5.880190186871913976e-04 5.222973413765430450e-04
5.906729420530609787e-04 5.245179636403918266e-04
5.877945466636446802e-04 4.664363805204629898e-04
5.858568307303358086e-04 4.958256613463163376e-04
5.797701760457130149e-04 5.166059709154069424e-04
5.838361368660117002e-04 5.814154865220189095e-04
5.903769273572833992e-04 4.859387408941984177e-04
5.790827428427292468e-04 4.887795075774192810e-04
5.760120697232195891e-04 5.360173527151346207e-04
5.862943322426872545e-04 4.820534959435462952e-04
5.850441564689389928e-04 4.837381129618734121e-04
5.746315222495468117e-04 4.930886207148432732e-04
5.844274994160514759e-04 5.190038355067372322e-04
5.674060412275139242e-04 4.560224188026040792e-04
5.644932844006689265e-04 4.901129868812859058e-04
5.780016133940079747e-04 4.953494062647223473e-04
5.702923368517076813e-04 5.129508790560066700e-04
5.870535536814713634e-04 5.162777379155158997e-04
5.666272591042798012e-04 5.002738907933235168e-04
5.738021729484899403e-04 4.952731542289257050e-04
5.707929019990842356e-04 4.777465073857456446e-04
5.631551528495037495e-04 4.633238422684371471e-04
5.723802834836533727e-04 6.416087853722274303e-04
5.720657278288854503e-04 4.701311117969453335e-04
5.751354401581920683e-04 5.616251728497445583e-04
5.698782122635747804e-04 4.867583629675209522e-04
5.710941517463652200e-04 5.152426310814917088e-04
5.737209943617926694e-04 4.616927471943199635e-04
5.612536617263686346e-04 5.203158361837267876e-04
5.555943935178220272e-04 4.577370418701320887e-04
5.554606366786174042e-04 4.607535374816507101e-04
5.684881838533328629e-04 5.102654104121029377e-04
5.677635759639088281e-04 6.470327498391270638e-04
5.658306974510197030e-04 4.819483147002756596e-04
5.537420431210194217e-04 5.496974335983395576e-04
5.584962509601609781e-04 5.500816041603684425e-04
5.542883707676082416e-04 4.566180577967315912e-04
5.534457093745003952e-04 5.251464899629354477e-04
5.471573796967277737e-04 4.730198415927588940e-04
5.572285572270629928e-04 4.723332240246236324e-04
5.445643095299601338e-04 4.862608038820326328e-04
5.636598853016039357e-04 5.016115610487759113e-04
5.523665167856961489e-04 5.664790514856576920e-04
5.620242627628613263e-04 4.982959944754838943e-04
5.582324545684968619e-04 4.686586034949868917e-04
5.451602275570622148e-04 4.473616427276283503e-04
5.572529349592514553e-04 4.548934812191873789e-04
5.469915566209237589e-04 4.650316550396382809e-04
5.710068984626559324e-04 4.624160937964916229e-04
5.451581673696637154e-04 4.766484198626130819e-04
5.477804326801561253e-04 4.573424230329692364e-04
5.436698633275227404e-04 4.722671583294868469e-04
5.503998883796157749e-04 4.702004662249237299e-04
5.451770204672357501e-04 4.513013700488954782e-04
5.559708770306315273e-04 4.345240013208240271e-04
5.368564750824588849e-04 4.886901588179171085e-04
5.421950620075222538e-04 4.883104702457785606e-04
5.380323360441252806e-04 4.686744941864162683e-04
5.374266740545863719e-04 4.859968903474509716e-04
5.381520524679217921e-04 4.677528049796819687e-04
5.347620579414069219e-04 4.362578911241143942e-04
5.367871006455970494e-04 4.632472118828445673e-04
5.479774994455510534e-04 4.723848251160234213e-04
5.380870898079592735e-04 4.483670345507562160e-04
5.328251918399473652e-04 4.471934516914188862e-04
5.344816181604983285e-04 4.381608159746974707e-04
5.442574511107522994e-04 4.368861555121839046e-04
5.519353806448634280e-04 4.660837876144796610e-04
5.424820959888165600e-04 4.462926590349525213e-04
5.355982069886522151e-04 5.261214100755751133e-04
5.313794590620091185e-04 4.769530205521732569e-04
5.284067647153278813e-04 4.457503091543912888e-04
5.307790255756117187e-04 4.476279427763074636e-04
5.271485872071935298e-04 4.451101704034954309e-04
5.365589364373591014e-04 4.401210753712803125e-04
5.460113268782151429e-04 4.801776667591184378e-04
5.365034703572746366e-04 4.351410607341676950e-04
5.300154218275566088e-04 4.477826878428459167e-04
5.235901080595795065e-04 4.619540122803300619e-04
5.352728749130619690e-04 4.794797278009355068e-04
5.306387007294688591e-04 4.318367573432624340e-04
5.338560480595333285e-04 4.435152222868055105e-04
5.217617013840936341e-04 4.467021208256483078e-04
5.355531942768720693e-04 4.555202613119035959e-04
5.294772461638785465e-04 4.457409377209842205e-04
5.235713753791060732e-04 4.667364410124719143e-04
5.319898376910714216e-04 4.625152796506881714e-04
5.260919293505139866e-04 4.785218334291130304e-04
5.297567520756274028e-04 4.540004301816225052e-04
5.291204466630006426e-04 4.323511384427547455e-04
5.324203320924425498e-04 4.618425737135112286e-04
5.254700696241343611e-04 4.947566776536405087e-04
5.171587767108576155e-04 4.409245739225298166e-04
5.241845963610102920e-04 4.413525457493960857e-04
5.277250660583376668e-04 4.876075836364179850e-04
5.280982248223153441e-04 4.540359659586101770e-04
5.211963449255563536e-04 4.388030502013862133e-04
5.136828291142592423e-04 4.473476728890091181e-04
5.206188932788790701e-04 4.633503558579832315e-04
5.167563434952171303e-04 4.526734410319477320e-04
5.250169517239556150e-04 4.691151552833616734e-04
5.275277879263739599e-04 4.708222986664623022e-04
5.226173816481605172e-04 4.566269926726818085e-04
5.148625881702173284e-04 4.554147308226674795e-04
5.134934104717103981e-04 4.402106278575956821e-04
5.135046907525975040e-04 4.315084661357104778e-04
5.149924938450567858e-04 4.259519337210804224e-04
5.149745778908254362e-04 4.392000264488160610e-04
5.255770553048933142e-04 4.724404716398566961e-04
5.125816256622784057e-04 4.498902126215398312e-04
5.138490530953276469e-04 4.634825454559177160e-04
5.184721409023041122e-04 4.739322175737470388e-04
5.209170863963663795e-04 4.468318948056548834e-04
5.092658389912685596e-04 4.241408314555883408e-04
5.078503902041120888e-04 4.363668267615139484e-04
5.101043170725461096e-04 4.325919726397842169e-04
5.205568537348881581e-04 4.555169434752315283e-04
5.289456232276279913e-04 4.610494652297347784e-04
5.155189392098691314e-04 4.775307024829089642e-04
5.074865133792627386e-04 4.247025644872337580e-04
5.144485592609270973e-04 4.522912204265594482e-04
5.128697324835229448e-04 4.490269348025321960e-04
5.088343255920335867e-04 4.313589888624846935e-04
5.173886052943999165e-04 4.253854858689010143e-04
5.092659455840475424e-04 4.579553497023880482e-04
5.121697289723669893e-04 4.212311469018459320e-04
5.087269219075096771e-04 4.460281634237617254e-04
5.024287980631925382e-04 4.204434226267039776e-04
5.016572133172303872e-04 4.179926181677728891e-04
5.052687458373839469e-04 4.389394016470760107e-04
5.112798186019063213e-04 4.391427210066467524e-04
5.122058501001447439e-04 4.386381187941879034e-04
5.064921944722300829e-04 4.268815682735294104e-04
5.073455231467960402e-04 4.221804847475141287e-04
5.075952602055621831e-04 4.372925614006817341e-04
5.032719353039282872e-04 4.165485443081706762e-04
5.239011636149371477e-04 4.301976878196001053e-04
5.060758372565033131e-04 4.173433408141136169e-04
5.068891750852344558e-04 4.167431907262653112e-04
5.081297902506775720e-04 4.568127333186566830e-04
5.022618690418312760e-04 4.224478616379201412e-04
5.069006769190309352e-04 4.410548717714846134e-04
5.142309364600805566e-04 4.307308117859065533e-04
5.126161955558927947e-04 4.659434198401868343e-04
5.056225931184598959e-04 4.601938708219677210e-04
5.043834073148901077e-04 4.122707468923181295e-04
5.100183803733671301e-04 5.231217946857213974e-04
4.993768525309860706e-04 4.230469348840415478e-04
5.053990953456377611e-04 4.136333591304719448e-04
4.973014012648491623e-04 4.134600167162716389e-04
5.069765073130838139e-04 4.225033335387706757e-04
5.040486023062840538e-04 4.244605661369860172e-04
5.025007641961565675e-04 4.141736717429012060e-04
4.991350022464757352e-04 4.256067331880331039e-04
4.964048446709056883e-04 4.240660346113145351e-04
4.987245061784051576e-04 4.394407733343541622e-04
4.992219499399652271e-04 4.554178449325263500e-04
5.039643707277719148e-04 4.673219227697700262e-04
4.962643215549178421e-04 4.261826106812804937e-04
4.997104417270748378e-04 4.269672208465635777e-04
5.003641439543571106e-04 4.451433196663856506e-04
4.988182674424024732e-04 4.682570579461753368e-04
4.960265287081710994e-04 4.287155752535909414e-04
4.972798345988848961e-04 4.266643081791698933e-04
4.931841242068913268e-04 4.109443107154220343e-04
5.039924286393216097e-04 4.882952198386192322e-04
5.016521576180821068e-04 4.191169864498078823e-04
4.966890901414444670e-04 4.414748400449752808e-04
4.944860636896919025e-04 4.162885597907006741e-04
4.947632005496416241e-04 4.314612015150487423e-04
4.971801310603041636e-04 4.211312043480575085e-04
4.995515399059513150e-04 4.208239843137562275e-04
4.912151751341297789e-04 4.119086079299449921e-04
4.970782898453762972e-04 4.470197600312530994e-04
5.027791252359747670e-04 4.149781889282166958e-04
4.958261237334226973e-04 4.497613699641078711e-04
4.934475982736330479e-04 4.094585310667753220e-04
4.900870873825625019e-04 4.124106781091541052e-04
4.891644955932860760e-04 4.258603730704635382e-04
5.012579786125570536e-04 4.098765202797949314e-04
4.953778887283987863e-04 4.270012432243674994e-04
4.937254809192382233e-04 4.328411596361547709e-04
4.947239402099512084e-04 4.627013695426285267e-04
4.986669373465701938e-04 4.276648105587810278e-04
4.931355568260186849e-04 4.157510702498257160e-04
4.879930318566039313e-04 4.117512144148349762e-04
4.904522163997171013e-04 4.280094581190496683e-04
4.900664804154075899e-04 4.293205274734646082e-04
4.964792009559459767e-04 4.332579264882951975e-04
4.894233785307733559e-04 4.151317407377064228e-04
4.923761447571450628e-04 4.396700242068618536e-04
4.892545937764225094e-04 4.132002650294452906e-04
4.861468285525916253e-04 4.071124421898275614e-04
4.931132236379199164e-04 4.244423471391201019e-04
4.870884331467095762e-04 4.130757297389209270e-04
4.865814382355892922e-04 4.443019570317119360e-04
4.910781961370957582e-04 4.318141436669975519e-04
4.883565234194975346e-04 4.557384527288377285e-04
4.862119782046647959e-04 4.136899951845407486e-04
4.860885324887931564e-04 4.190477193333208561e-04
4.903488679701695219e-04 4.197479283902794123e-04
4.883370354946236624e-04 4.105431144125759602e-04
4.832347658521030098e-04 4.362706968095153570e-04
4.872186153079383184e-04 4.112358146812766790e-04
4.916322050121380016e-04 4.149860760662704706e-04
4.859713357291184149e-04 4.543548566289246082e-04
4.885686867055483162e-04 4.565527196973562241e-04
4.869205393333686624e-04 4.361189785413444042e-04
4.813745024875970666e-04 4.014390578959137201e-04
4.825372456252807534e-04 4.294305981602519751e-04
4.851085934205911945e-04 4.079593345522880554e-04
4.896343089058063924e-04 4.130009619984775782e-04
4.811649087059777230e-04 4.182986449450254440e-04
4.873060963291209083e-04 4.114662879146635532e-04
4.814079991774633635e-04 4.214170330669730902e-04
4.805790980753954283e-04 4.320521838963031769e-04
4.792564206582028310e-04 4.259994602762162685e-04
4.872419136518147060e-04 4.363170883152633905e-04
4.799038244527764510e-04 4.338640719652175903e-04
4.914365650620311715e-04 4.334276600275188684e-04
4.830393838346935700e-04 4.199297982268035412e-04
4.857843876379774992e-04 4.260976274963468313e-04
4.838173172174720094e-04 4.035655874758958817e-04
4.821461156097939021e-04 4.616295918822288513e-04
4.887757695541949943e-04 4.153434128966182470e-04
4.857133113546297171e-04 4.454081936273723841e-04
4.803664005521568470e-04 4.128986620344221592e-04
4.774238790560047857e-04 4.027936083730310202e-04
4.800934380909893879e-04 4.258147091604769230e-04
4.797489098564256091e-04 4.360321327112615108e-04
4.786814170074649155e-04 4.249219200573861599e-04
4.830346366361482286e-04 4.288583586458116770e-04
4.785730932781007249e-04 4.105952684767544270e-04
4.788782283867476291e-04 4.055095778312534094e-04
4.822400398552417647e-04 4.255055100657045841e-04
4.792103922227397344e-04 4.176079237367957830e-04
4.757608643558341793e-04 4.326104535721242428e-04
4.798610556463245086e-04 4.364642372820526361e-04
4.818662626348668818e-04 4.343919572420418262e-04
