5.438766956329345703e+00 4.247388243675231934e-01
6.277387619018554688e+00 3.319033980369567871e-01
6.030520439147949219e+00 3.600520193576812744e-01
6.155072689056396484e+00 3.049862384796142578e-01
6.432806015014648438e+00 2.870679795742034912e-01
6.191714286804199219e+00 3.108698427677154541e-01
6.522912025451660156e+00 3.264035284519195557e-01
6.116579532623291016e+00 3.475619852542877197e-01
5.701022624969482422e+00 3.403023183345794678e-01
6.004667758941650391e+00 3.091596364974975586e-01
6.106894493103027344e+00 3.416447639465332031e-01
6.183075428009033203e+00 3.286719620227813721e-01
6.266569614410400391e+00 3.478424549102783203e-01
6.512828826904296875e+00 3.295521140098571777e-01
6.235564708709716797e+00 3.152942955493927002e-01
6.397842407226562500e+00 3.493221998214721680e-01
6.251611232757568359e+00 3.027119338512420654e-01
6.305709838867187500e+00 2.525914609432220459e-01
6.362274646759033203e+00 2.776430547237396240e-01
6.172010421752929688e+00 3.344547748565673828e-01
6.030732154846191406e+00 3.153612315654754639e-01
6.233019828796386719e+00 3.116876184940338135e-01
6.615407466888427734e+00 4.114415943622589111e-01
6.027999401092529297e+00 3.566181659698486328e-01
5.960380554199218750e+00 3.473387062549591064e-01
6.085157394409179688e+00 3.349012136459350586e-01
6.122851371765136719e+00 3.173504173755645752e-01
6.267479419708251953e+00 3.045202791690826416e-01
6.175755977630615234e+00 3.527170121669769287e-01
6.026187896728515625e+00 3.549830019474029541e-01
6.574031829833984375e+00 8.854775875806808472e-02
6.490216255187988281e+00 8.619797229766845703e-02
6.211821556091308594e+00 3.113093674182891846e-01
6.331470489501953125e+00 2.482390999794006348e-01
6.162462234497070312e+00 3.462683558464050293e-01
6.193394660949707031e+00 2.950448095798492432e-01
6.557520389556884766e+00 1.018620356917381287e-01
6.223452568054199219e+00 2.839294373989105225e-01
5.935568332672119141e+00 3.486281037330627441e-01
6.013695716857910156e+00 3.334631323814392090e-01
6.472223281860351562e+00 2.130804508924484253e-01
6.166452407836914062e+00 3.139333724975585938e-01
6.308668136596679688e+00 2.798643112182617188e-01
5.754307270050048828e+00 3.167228400707244873e-01
6.055667400360107422e+00 3.365781307220458984e-01
6.202001094818115234e+00 3.309051096439361572e-01
6.686901092529296875e+00 2.361245006322860718e-01
5.870510578155517578e+00 3.170581161975860596e-01
6.099871158599853516e+00 3.331249654293060303e-01
6.183360099792480469e+00 3.563355803489685059e-01
6.161796569824218750e+00 3.252404928207397461e-01
6.183993339538574219e+00 3.021869063377380371e-01
5.552433967590332031e+00 3.836319446563720703e-01
6.433922767639160156e+00 2.858550548553466797e-01
6.498034954071044922e+00 2.800617814064025879e-01
5.502201080322265625e+00 3.999756574630737305e-01
5.769933700561523438e+00 3.246133923530578613e-01
6.066383361816406250e+00 2.965740561485290527e-01
5.864687919616699219e+00 3.037731647491455078e-01
5.912087917327880859e+00 3.053124547004699707e-01
5.928806781768798828e+00 3.217176795005798340e-01
6.180322647094726562e+00 3.630513846874237061e-01
5.545005321502685547e+00 3.900093138217926025e-01
6.097474575042724609e+00 3.234932720661163330e-01
6.160266876220703125e+00 3.223017454147338867e-01
6.266394138336181641e+00 3.741463720798492432e-01
6.366914749145507812e+00 2.749758064746856689e-01
6.081949234008789062e+00 3.389050662517547607e-01
6.173510074615478516e+00 3.361420631408691406e-01
5.964613437652587891e+00 3.099401891231536865e-01
